0.224900 0.333333 0.441767 
0.226054 0.214559 0.559387 
0.261044 0.309237 0.429719 
0.200758 0.564394 0.234848 
0.249042 0.295019 0.455939 
0.160256 0.535256 0.304487 
0.227106 0.545788 0.227106 
0.194719 0.471947 0.333333 
0.189964 0.254480 0.555556 
0.150150 0.582583 0.267267 
0.156863 0.375350 0.467787 
0.194719 0.541254 0.264026 
0.168091 0.569801 0.262108 
0.208754 0.239057 0.552189 
0.212121 0.154270 0.633609 
0.221184 0.529595 0.249221 
0.148459 0.661064 0.190476 
0.143678 0.626437 0.229885 
0.159159 0.528529 0.312312 
0.162319 0.562319 0.275362 
0.154321 0.580247 0.265432 
0.184524 0.568452 0.247024 
0.159544 0.210826 0.629630 
0.143678 0.531609 0.324713 
0.346405 0.326797 0.326797 
0.346405 0.326797 0.326797 
0.182073 0.400560 0.417367 
0.197222 0.197222 0.605556 
0.197222 0.197222 0.605556 
0.182073 0.408964 0.408964 
0.146006 0.402204 0.451791 
0.185185 0.339031 0.475783 
0.160920 0.272989 0.566092 
0.231884 0.536232 0.231884 
0.127226 0.653944 0.218830 
0.147870 0.598997 0.253133 
0.243169 0.423497 0.333333 
0.192412 0.566396 0.241192 
0.337900 0.296804 0.365297 
0.164021 0.433862 0.402116 
0.177596 0.505464 0.316940 
0.210826 0.518519 0.270655 
0.128954 0.588808 0.282238 
0.143590 0.312821 0.543590 
0.182051 0.651282 0.166667 
0.129199 0.392765 0.478036 
0.182051 0.597436 0.220513 
0.141414 0.292929 0.565657 
0.191542 0.228856 0.579602 
0.157005 0.613527 0.229469 
0.155702 0.307018 0.537281 
0.133333 0.283333 0.583333 
0.146982 0.469816 0.383202 
0.154856 0.469816 0.375328 
0.171498 0.628019 0.200483 
0.209246 0.435523 0.355231 
0.129902 0.490196 0.379902 
0.160207 0.392765 0.447028 
0.242690 0.321637 0.435673 
0.149758 0.446860 0.403382 
0.154856 0.556430 0.288714 
0.117778 0.264444 0.617778 
0.116550 0.158508 0.724942 
0.213333 0.429333 0.357333 
0.161905 0.290476 0.547619 
0.243961 0.388889 0.367150 
0.131991 0.178971 0.689038 
0.144608 0.343137 0.512255 
0.132388 0.621749 0.245863 
0.154195 0.582766 0.263039 
0.132479 0.177350 0.690171 
0.137255 0.578431 0.284314 
0.170115 0.563218 0.266667 
0.209713 0.196468 0.593819 
0.196468 0.236203 0.567329 
0.121399 0.238683 0.639918 
0.238095 0.561404 0.200501 
0.136865 0.686534 0.176600 
0.209246 0.559611 0.231144 
0.137778 0.517778 0.344444 
0.142544 0.596491 0.260965 
0.496732 0.300654 0.202614 
0.150110 0.573951 0.275938 
0.154229 0.497512 0.348259 
0.198925 0.553763 0.247312 
0.255376 0.529570 0.215054 
0.118203 0.224586 0.657210 
0.160757 0.614657 0.224586 
0.128364 0.712215 0.159420 
0.142529 0.570115 0.287356 
0.136574 0.601852 0.261574 
0.135729 0.632735 0.231537 
0.125241 0.541426 0.333333 
0.130243 0.216336 0.653422 
0.225287 0.480460 0.294253 
0.122004 0.488017 0.389978 
0.144522 0.634033 0.221445 
0.153153 0.585586 0.261261 
0.137529 0.655012 0.207459 
0.151709 0.568376 0.279915 
0.104167 0.729167 0.166667 
0.231111 0.577778 0.191111 
0.113680 0.211946 0.674374 
0.220624 0.479616 0.299760 
0.165501 0.578089 0.256410 
0.127451 0.333333 0.539216 
0.177011 0.632184 0.190805 
0.164609 0.652263 0.183128 
0.104167 0.585417 0.310417 
0.113978 0.610753 0.275269 
0.130268 0.411877 0.457854 
0.223744 0.504566 0.271689 
0.107280 0.601533 0.291188 
0.118568 0.601790 0.279642 
0.443366 0.336570 0.220065 
0.103704 0.242593 0.653704 
0.124498 0.353414 0.522088 
0.104536 0.353057 0.542406 
0.133745 0.430041 0.436214 
0.192394 0.199105 0.608501 
0.163355 0.607064 0.229581 
0.122153 0.687371 0.190476 
0.109162 0.717349 0.173489 
0.204301 0.584946 0.210753 
0.102713 0.556202 0.341085 
0.101449 0.606884 0.291667 
0.118095 0.460952 0.420952 
0.108384 0.740286 0.151329 
0.098696 0.316574 0.584730 
0.136546 0.534137 0.329317 
0.132114 0.668699 0.199187 
0.126706 0.161793 0.711501 
0.142570 0.190763 0.666667 
0.115010 0.670565 0.214425 
0.120155 0.451550 0.428295 
0.137778 0.604444 0.257778 
0.102713 0.253876 0.643411 
0.258333 0.270833 0.470833 
0.103922 0.209804 0.686275 
0.155945 0.594542 0.249513 
0.115226 0.572016 0.312757 
0.151709 0.651709 0.196581 
0.197917 0.460417 0.341667 
0.158095 0.523810 0.318095 
0.096718 0.599309 0.303972 
0.130755 0.252302 0.616943 
0.102431 0.206597 0.690972 
0.134122 0.429980 0.435897 
0.106732 0.288998 0.604269 
0.133745 0.541152 0.325103 
0.082942 0.359937 0.557121 
0.138402 0.635478 0.226121 
0.093972 0.492908 0.413121 
0.127341 0.666667 0.205993 
0.118397 0.599271 0.282332 
0.085346 0.244767 0.669887 
0.113438 0.469459 0.417103 
0.223577 0.613821 0.162602 
0.113027 0.630268 0.256705 
0.146384 0.532628 0.320988 
0.187739 0.480843 0.331418 
0.120567 0.195035 0.684397 
0.187764 0.567511 0.244726 
0.119048 0.311355 0.569597 
0.110487 0.621723 0.267790 
0.111712 0.219820 0.668468 
0.134380 0.160558 0.705061 
0.073746 0.264012 0.662242 
0.163004 0.673993 0.163004 
0.123862 0.205829 0.670310 
0.177903 0.554307 0.267790 
0.147950 0.650624 0.201426 
0.109347 0.728395 0.162257 
0.145957 0.660750 0.193294 
0.127928 0.636036 0.236036 
0.188406 0.552536 0.259058 
0.150097 0.629630 0.220273 
0.084602 0.120135 0.795262 
0.099251 0.705993 0.194757 
0.530556 0.222222 0.247222 
0.110078 0.268217 0.621705 
0.085034 0.544218 0.370748 
0.111742 0.719697 0.168561 
0.112164 0.116904 0.770932 
0.104377 0.134680 0.760943 
0.094276 0.442761 0.462963 
0.122625 0.557858 0.319516 
0.108656 0.600368 0.290976 
0.087028 0.151067 0.761905 
0.103853 0.184255 0.711893 
0.128623 0.509058 0.362319 
0.092409 0.419142 0.488449 
0.117162 0.196370 0.686469 
0.086179 0.573984 0.339837 
0.087894 0.645108 0.266998 
0.121993 0.663230 0.214777 
0.102967 0.574171 0.322862 
0.117199 0.181126 0.701674 
0.097484 0.106918 0.795597 
0.168498 0.586081 0.245421 
0.187396 0.426202 0.386401 
0.148148 0.665056 0.186795 
0.181049 0.632826 0.186125 
0.105983 0.577778 0.316239 
0.087227 0.334891 0.577882 
0.111658 0.673235 0.215107 
0.139837 0.193496 0.666667 
0.081514 0.116448 0.802038 
0.105655 0.462798 0.431548 
0.107794 0.177446 0.714760 
0.156863 0.474510 0.368627 
0.099359 0.695513 0.205128 
0.088050 0.635220 0.276730 
0.107639 0.612847 0.279514 
0.092676 0.285501 0.621824 
0.081790 0.558642 0.359568 
0.186736 0.417103 0.396161 
0.086601 0.473856 0.439542 
0.090598 0.639316 0.270085 
0.115646 0.610544 0.273810 
0.144781 0.614478 0.240741 
0.085346 0.636071 0.278583 
0.181501 0.380454 0.438045 
0.163690 0.498512 0.337798 
0.144715 0.573984 0.281301 
0.102564 0.473605 0.423831 
0.147163 0.641844 0.210993 
0.117460 0.479365 0.403175 
0.128824 0.447665 0.423510 
0.094368 0.687976 0.217656 
0.161859 0.229167 0.608974 
0.174688 0.602496 0.222816 
0.101140 0.554131 0.344729 
0.079433 0.517730 0.402837 
0.111111 0.660131 0.228758 
0.209009 0.538739 0.252252 
0.132670 0.406302 0.461028 
0.181534 0.697966 0.120501 
0.174837 0.493464 0.331699 
0.146259 0.656463 0.197279 
0.107715 0.491994 0.400291 
0.220290 0.198551 0.581159 
0.127688 0.127688 0.744624 
0.151235 0.535494 0.313272 
0.161859 0.546474 0.291667 
0.082942 0.430360 0.486698 
0.105442 0.661565 0.232993 
0.171474 0.628205 0.200321 
0.491228 0.195175 0.313596 
0.098485 0.780303 0.121212 
0.136508 0.660317 0.203175 
0.150538 0.569892 0.279570 
0.216828 0.386731 0.396440 
0.117460 0.665079 0.217460 
0.113782 0.628205 0.258013 
0.123994 0.568438 0.307568 
0.514541 0.178971 0.306488 
0.107576 0.607576 0.284848 
0.080460 0.614943 0.304598 
0.090656 0.283124 0.626220 
0.096866 0.601140 0.301994 
0.147436 0.253205 0.599359 
0.125731 0.345029 0.529240 
0.215603 0.424113 0.360284 
0.157321 0.517134 0.325545 
0.098551 0.585507 0.315942 
0.105426 0.510078 0.384496 
0.134848 0.298485 0.566667 
0.076149 0.589080 0.334770 
0.105919 0.601246 0.292835 
0.077882 0.708723 0.213396 
0.145260 0.411315 0.443425 
0.333333 0.378788 0.287879 
0.103976 0.626911 0.269113 
0.113150 0.613150 0.273700 
0.080103 0.506460 0.413437 
0.127592 0.601276 0.271132 
0.111614 0.161388 0.726998 
0.102453 0.660895 0.236652 
0.157817 0.529499 0.312684 
0.212698 0.607937 0.179365 
0.082982 0.639944 0.277075 
0.116904 0.443918 0.439179 
0.090643 0.261696 0.647661 
0.086822 0.575194 0.337984 
0.146032 0.555556 0.298413 
0.118519 0.598519 0.282963 
0.125182 0.657933 0.216885 
0.271132 0.405104 0.323764 
0.079096 0.663842 0.257062 
0.087407 0.167407 0.745185 
0.107089 0.677225 0.215686 
0.081267 0.684573 0.234160 
0.135908 0.685265 0.178827 
0.098981 0.684134 0.216885 
0.120325 0.403252 0.476423 
0.430446 0.343832 0.225722 
0.504444 0.331111 0.164444 
0.102667 0.342667 0.554667 
0.070621 0.583333 0.346045 
0.094444 0.619444 0.286111 
0.140600 0.647709 0.211690 
0.088050 0.432390 0.479560 
0.116448 0.596798 0.286754 
0.066919 0.135101 0.797980 
0.151383 0.387191 0.461426 
0.116667 0.421212 0.462121 
0.092385 0.227216 0.680400 
0.087015 0.649264 0.263722 
0.113569 0.087021 0.799410 
0.081871 0.673977 0.244152 
0.082596 0.219764 0.697640 
0.086845 0.217114 0.696041 
0.099859 0.677918 0.222222 
0.102171 0.278416 0.619413 
0.176560 0.678843 0.144597 
0.119380 0.742636 0.137984 
0.074859 0.316384 0.608757 
0.140523 0.586601 0.272876 
0.507431 0.208068 0.284501 
0.157601 0.626220 0.216179 
0.071776 0.082725 0.845499 
0.075415 0.319759 0.604827 
0.134986 0.573003 0.292011 
0.103359 0.277778 0.618863 
0.098611 0.561111 0.340278 
0.088542 0.654948 0.256510 
0.160738 0.176548 0.662714 
0.132104 0.367127 0.500768 
0.097701 0.459770 0.442529 
0.105866 0.646638 0.247496 
0.077734 0.694335 0.227931 
0.071256 0.219807 0.708937 
0.071247 0.681934 0.246819 
0.115760 0.755927 0.128312 
0.184885 0.537112 0.278003 
0.084354 0.321088 0.594558 
0.101449 0.366271 0.532279 
0.136132 0.235369 0.628499 
0.075980 0.072304 0.851716 
0.115942 0.637681 0.246377 
0.085979 0.089947 0.824074 
0.122178 0.763612 0.114210 
0.069010 0.725260 0.205729 
0.174174 0.291291 0.534535 
0.135328 0.361823 0.502849 
0.212403 0.524031 0.263566 
0.515588 0.227818 0.256595 
0.133053 0.649860 0.217087 
0.183908 0.520115 0.295977 
0.064591 0.244521 0.690888 
0.087161 0.118963 0.793875 
0.073935 0.329574 0.596491 
0.072840 0.565432 0.361728 
0.103914 0.674764 0.221323 
0.075426 0.371046 0.553528 
0.131944 0.511111 0.356944 
0.084635 0.643229 0.272135 
0.087719 0.670715 0.241565 
0.516064 0.329317 0.154618 
0.101093 0.178962 0.719945 
0.119048 0.614583 0.266369 
0.566210 0.292237 0.141553 
0.607280 0.176245 0.216475 
0.070238 0.559524 0.370238 
0.079060 0.069444 0.851496 
0.064242 0.315152 0.620606 
0.137022 0.472991 0.389987 
0.136654 0.492976 0.370370 
0.070776 0.214612 0.714612 
0.091026 0.402564 0.506410 
0.068881 0.349323 0.581796 
0.137566 0.657407 0.205026 
0.103495 0.680108 0.216398 
0.526539 0.182590 0.290870 
0.091021 0.138991 0.769988 
0.098765 0.643210 0.258025 
0.087470 0.456265 0.456265 
0.073948 0.480091 0.445961 
0.080247 0.228395 0.691358 
0.152833 0.615283 0.231884 
0.083641 0.242312 0.674047 
0.089744 0.331002 0.579254 
0.067389 0.309266 0.623345 
0.079096 0.579096 0.341808 
0.099164 0.285544 0.615293 
0.091698 0.552664 0.355638 
0.072304 0.204657 0.723039 
0.070999 0.460890 0.468111 
0.557652 0.136268 0.306080 
0.064270 0.371460 0.564270 
0.146199 0.697076 0.156725 
0.173966 0.144769 0.681265 
0.185185 0.351852 0.462963 
0.131894 0.642686 0.225420 
0.076023 0.177778 0.746199 
0.094872 0.764103 0.141026 
0.646825 0.224206 0.128968 
0.131812 0.253485 0.614702 
0.138667 0.586667 0.274667 
0.104798 0.453283 0.441919 
0.246959 0.498783 0.254258 
0.610487 0.239700 0.149813 
0.098401 0.633456 0.268143 
0.080545 0.656753 0.262701 
0.084122 0.383807 0.532072 
0.080729 0.600260 0.319010 
0.116162 0.415404 0.468434 
0.085639 0.536232 0.378129 
0.056497 0.483616 0.459887 
0.074074 0.744325 0.181601 
0.483568 0.342723 0.173709 
0.066218 0.126824 0.806958 
0.607280 0.250958 0.141762 
0.106965 0.662935 0.230100 
0.114428 0.689055 0.196517 
0.065322 0.304515 0.630163 
0.115152 0.504242 0.380606 
0.083605 0.226927 0.689468 
0.496160 0.164363 0.339478 
0.061343 0.134259 0.804398 
0.069530 0.225971 0.704499 
0.073286 0.739953 0.186761 
0.531136 0.344322 0.124542 
0.137470 0.535280 0.327251 
0.077596 0.346448 0.575956 
0.202516 0.368553 0.428931 
0.135981 0.616125 0.247894 
0.065675 0.095415 0.838910 
0.085439 0.803851 0.110710 
0.181609 0.378161 0.440230 
0.102469 0.272840 0.624691 
0.067982 0.617325 0.314693 
0.082011 0.228836 0.689153 
0.095415 0.255266 0.649318 
0.137328 0.642946 0.219725 
0.071511 0.386390 0.542099 
0.196382 0.425065 0.378553 
0.094749 0.433790 0.471461 
0.095579 0.210275 0.694146 
0.087935 0.250511 0.661554 
0.481236 0.315673 0.203091 
0.138889 0.150253 0.710859 
0.102017 0.144721 0.753262 
0.061202 0.434973 0.503825 
0.261708 0.501377 0.236915 
0.113951 0.161874 0.724175 
0.119497 0.719497 0.161006 
0.109253 0.122631 0.768116 
0.461382 0.388211 0.150407 
0.598148 0.264815 0.137037 
0.107981 0.615023 0.276995 
0.072300 0.080751 0.846948 
0.126031 0.179034 0.694935 
0.094749 0.591324 0.313927 
0.157442 0.677737 0.164822 
0.608782 0.195609 0.195609 
0.590136 0.192177 0.217687 
0.095238 0.238095 0.666667 
0.062222 0.108889 0.828889 
0.094749 0.444064 0.461187 
0.077851 0.640351 0.281798 
0.089864 0.102403 0.807732 
0.079418 0.763982 0.156600 
0.072464 0.246377 0.681159 
0.062430 0.296544 0.641026 
0.210462 0.600973 0.188564 
0.100211 0.328059 0.571730 
0.135556 0.182222 0.682222 
0.538784 0.249476 0.211740 
0.097324 0.743309 0.159367 
0.102564 0.487179 0.410256 
0.610753 0.275269 0.113978 
0.163580 0.496914 0.339506 
0.614815 0.209259 0.175926 
0.086022 0.069892 0.844086 
0.578014 0.301418 0.120567 
0.162424 0.522424 0.315152 
0.114488 0.479230 0.406282 
0.601449 0.166667 0.231884 
0.546139 0.308851 0.145009 
0.105023 0.081050 0.813927 
0.603509 0.108772 0.287719 
0.627148 0.271478 0.101375 
0.523540 0.337100 0.139360 
0.162132 0.240363 0.597506 
0.064693 0.304825 0.630482 
0.096950 0.691721 0.211329 
0.145770 0.252803 0.601427 
0.432381 0.192381 0.375238 
0.119129 0.648339 0.232532 
0.590038 0.245211 0.164751 
0.074423 0.300839 0.624738 
0.120370 0.314815 0.564815 
0.061077 0.325052 0.613872 
0.066028 0.666667 0.267306 
0.053591 0.259378 0.687031 
0.061202 0.638251 0.300546 
0.544144 0.127928 0.327928 
0.117716 0.586247 0.296037 
0.083821 0.566277 0.349903 
0.164937 0.663206 0.171857 
0.053862 0.608740 0.337398 
0.116558 0.750545 0.132898 
0.092473 0.063441 0.844086 
0.055556 0.144841 0.799603 
0.058114 0.150219 0.791667 
0.054581 0.689084 0.256335 
0.179138 0.332200 0.488662 
0.077519 0.624031 0.298450 
0.133795 0.670127 0.196078 
0.111111 0.607488 0.281401 
0.316750 0.197347 0.485904 
0.125131 0.279706 0.595163 
0.046614 0.128408 0.824978 
0.104308 0.716553 0.179138 
0.531624 0.290598 0.177778 
0.149184 0.502331 0.348485 
0.173246 0.485746 0.341009 
0.098607 0.648446 0.252947 
0.549114 0.293076 0.157810 
0.498168 0.322344 0.179487 
0.073728 0.622015 0.304258 
0.081408 0.629263 0.289329 
0.085556 0.665556 0.248889 
0.109744 0.472821 0.417436 
0.090703 0.373016 0.536281 
0.061033 0.097653 0.841315 
0.404444 0.411111 0.184444 
0.547619 0.322344 0.130037 
0.607752 0.263566 0.128682 
0.109253 0.667781 0.222965 
0.138186 0.236287 0.625527 
0.144552 0.523193 0.332255 
0.059558 0.517771 0.422671 
0.082222 0.722222 0.195556 
0.083083 0.554555 0.362362 
0.097137 0.367076 0.535787 
0.076852 0.365741 0.557407 
0.525203 0.330081 0.144715 
0.623974 0.170772 0.205255 
0.162986 0.664564 0.172450 
0.156093 0.361531 0.482377 
0.101883 0.357697 0.540421 
0.617054 0.207752 0.175194 
0.123984 0.703252 0.172764 
0.105717 0.659115 0.235167 
0.586420 0.271605 0.141975 
0.607092 0.207092 0.185816 
0.058882 0.136727 0.804391 
0.108549 0.707973 0.183477 
0.092708 0.380208 0.527083 
0.153040 0.410901 0.436059 
0.069288 0.153558 0.777154 
0.099593 0.697154 0.203252 
0.071914 0.080661 0.847425 
0.085921 0.536232 0.377847 
0.088205 0.638974 0.272821 
0.063341 0.148852 0.787807 
0.109407 0.621677 0.268916 
0.109407 0.597137 0.293456 
0.070020 0.398422 0.531558 
0.589147 0.244961 0.165891 
0.057674 0.125122 0.817204 
0.624638 0.185507 0.189855 
0.523102 0.280528 0.196370 
0.578171 0.219764 0.202065 
0.150671 0.389061 0.460268 
0.599327 0.225589 0.175084 
0.558923 0.255892 0.185185 
0.561562 0.219219 0.219219 
0.518152 0.270627 0.211221 
0.562092 0.160131 0.277778 
0.592593 0.212251 0.195157 
0.595679 0.280864 0.123457 
0.053153 0.096396 0.850450 
0.153996 0.569201 0.276803 
0.084280 0.277462 0.638258 
0.125514 0.674897 0.199588 
0.087870 0.695320 0.216810 
0.093496 0.404472 0.502033 
0.059493 0.269466 0.671041 
0.089147 0.679264 0.231589 
0.200855 0.466880 0.332265 
0.573677 0.350501 0.075823 
0.099898 0.592253 0.307849 
0.102708 0.536881 0.360411 
0.089669 0.230019 0.680312 
0.587459 0.290429 0.122112 
0.059361 0.185388 0.755251 
0.079130 0.488625 0.432245 
0.064577 0.144349 0.791073 
0.466667 0.345614 0.187719 
0.571930 0.314035 0.114035 
0.126646 0.713273 0.160081 
0.139148 0.413292 0.447560 
0.172113 0.407407 0.420479 
0.076605 0.610766 0.312629 
0.052321 0.358650 0.589030 
0.141905 0.536190 0.321905 
0.655864 0.155864 0.188272 
0.129845 0.728682 0.141473 
0.565278 0.136111 0.298611 
0.111789 0.630081 0.258130 
0.183069 0.481481 0.335450 
0.075937 0.537475 0.386588 
0.053819 0.285590 0.660590 
0.568794 0.173050 0.258156 
0.557662 0.311216 0.131122 
0.062100 0.221005 0.716895 
0.663690 0.181548 0.154762 
0.559775 0.344585 0.095640 
0.119430 0.651515 0.229055 
0.048994 0.783902 0.167104 
0.601116 0.287308 0.111576 
0.112370 0.718602 0.169027 
0.086104 0.436488 0.477408 
0.090502 0.324373 0.585125 
0.553030 0.316667 0.130303 
0.043621 0.088066 0.868313 
0.138056 0.704814 0.157130 
0.587366 0.099462 0.313172 
0.542636 0.314729 0.142636 
0.059028 0.741319 0.199653 
0.638889 0.178363 0.182749 
0.617994 0.250737 0.131268 
0.116523 0.360076 0.523400 
0.569385 0.307582 0.123033 
0.127680 0.697856 0.174464 
0.575624 0.298091 0.126285 
0.137765 0.672447 0.189788 
0.574150 0.288435 0.137415 
0.210945 0.619900 0.169154 
0.585859 0.119949 0.294192 
0.055692 0.291564 0.652744 
0.086996 0.076007 0.836996 
0.084949 0.724838 0.190212 
0.103480 0.735348 0.161172 
0.593939 0.221212 0.184848 
0.056061 0.126515 0.817424 
0.052083 0.335737 0.612179 
0.055556 0.515233 0.429211 
0.049560 0.138289 0.812150 
0.624650 0.200280 0.175070 
0.116959 0.553049 0.329992 
0.066188 0.439394 0.494418 
0.632138 0.237716 0.130146 
0.571805 0.330698 0.097497 
0.522963 0.371852 0.105185 
0.063218 0.127258 0.809524 
0.136201 0.450717 0.413082 
0.525994 0.351682 0.122324 
0.057676 0.146735 0.795589 
0.074434 0.535599 0.389968 
0.047498 0.436811 0.515691 
0.077865 0.623797 0.298338 
0.056410 0.148718 0.794872 
0.594667 0.226667 0.178667 
0.622036 0.119944 0.258020 
0.610408 0.255977 0.133615 
0.052836 0.160062 0.787102 
0.613276 0.197691 0.189033 
0.580991 0.095047 0.323963 
0.641457 0.145658 0.212885 
0.114943 0.612479 0.272578 
0.156605 0.119860 0.723535 
0.593664 0.110193 0.296143 
0.085176 0.500410 0.414414 
0.055842 0.396048 0.548110 
0.110535 0.493955 0.395509 
0.130673 0.086072 0.783255 
0.109614 0.654088 0.236298 
0.619048 0.108844 0.272109 
0.625661 0.240741 0.133598 
0.590844 0.307582 0.101574 
0.044697 0.085606 0.869697 
0.115101 0.703499 0.181400 
0.097022 0.690682 0.212296 
0.611111 0.270026 0.118863 
0.611559 0.268817 0.119624 
0.589147 0.226357 0.184496 
0.086275 0.554510 0.359216 
0.092444 0.383111 0.524444 
0.094079 0.072182 0.833739 
0.042845 0.186804 0.770351 
0.141553 0.593607 0.264840 
0.575881 0.283198 0.140921 
0.346914 0.269136 0.383951 
0.074434 0.154531 0.771036 
0.633987 0.206536 0.159477 
0.091924 0.452749 0.455326 
0.553672 0.320621 0.125706 
0.050903 0.728243 0.220854 
0.475309 0.387346 0.137346 
0.046937 0.120923 0.832140 
0.164007 0.618794 0.217199 
0.155203 0.673721 0.171076 
0.135472 0.584670 0.279857 
0.068144 0.122332 0.809524 
0.145528 0.657724 0.196748 
0.061111 0.120635 0.818254 
0.582313 0.325170 0.092517 
0.588761 0.090677 0.320562 
0.549258 0.350877 0.099865 
0.175579 0.702317 0.122103 
0.072464 0.315027 0.612510 
0.044901 0.307458 0.647641 
0.051667 0.684167 0.264167 
0.630731 0.214374 0.154895 
0.593176 0.097113 0.309711 
0.629053 0.259403 0.111543 
0.607682 0.303155 0.089163 
0.043922 0.140392 0.815686 
0.596556 0.312423 0.091021 
0.093423 0.077728 0.828849 
0.044096 0.095665 0.860239 
0.580499 0.087302 0.332200 
0.644719 0.220850 0.134431 
0.564780 0.153459 0.281761 
0.622222 0.288889 0.088889 
0.526020 0.344585 0.129395 
0.043595 0.112005 0.844400 
0.102694 0.579966 0.317340 
0.509716 0.236173 0.254111 
0.057102 0.543183 0.399714 
0.134012 0.564037 0.301951 
0.170503 0.485081 0.344416 
0.075218 0.186857 0.737926 
0.573333 0.224242 0.202424 
0.602424 0.271515 0.126061 
0.062728 0.513494 0.423778 
0.555053 0.288084 0.156863 
0.094354 0.210363 0.695282 
0.066110 0.172582 0.761308 
0.581609 0.288506 0.129885 
0.580482 0.181242 0.238276 
0.543716 0.285519 0.170765 
0.626045 0.210275 0.163680 
0.038944 0.090429 0.870627 
0.063644 0.290374 0.645982 
0.622222 0.128105 0.249673 
0.604623 0.312652 0.082725 
0.566416 0.141604 0.291980 
0.547814 0.232240 0.219945 
0.507440 0.190476 0.302083 
0.095710 0.781353 0.122937 
0.048287 0.153427 0.798287 
0.053584 0.084899 0.861517 
0.085453 0.633399 0.281148 
0.598810 0.241667 0.159524 
0.646465 0.233586 0.119949 
0.677704 0.147903 0.174393 
0.097809 0.672926 0.229264 
0.090980 0.462745 0.446275 
0.042813 0.717125 0.240061 
0.601716 0.083333 0.314951 
0.145398 0.658159 0.196442 
0.565452 0.233468 0.201080 
0.557668 0.321926 0.120406 
0.619949 0.203283 0.176768 
0.672577 0.126478 0.200946 
0.053826 0.055772 0.890402 
0.130781 0.647528 0.221691 
0.084119 0.704403 0.211478 
0.585586 0.249678 0.164736 
0.568433 0.084989 0.346578 
0.574416 0.153752 0.271833 
0.173333 0.620392 0.206275 
0.619792 0.190104 0.190104 
0.629501 0.155633 0.214866 
0.067233 0.411182 0.521585 
0.057678 0.322846 0.619476 
0.081061 0.617424 0.301515 
0.578885 0.105575 0.315540 
0.552276 0.153752 0.293973 
0.544489 0.301461 0.154050 
0.083333 0.386905 0.529762 
0.577428 0.128609 0.293963 
0.633862 0.135450 0.230688 
0.135043 0.681197 0.183761 
0.569444 0.111111 0.319444 
0.057519 0.269577 0.672904 
0.561672 0.231397 0.206932 
0.105955 0.382057 0.511988 
0.056269 0.096636 0.847095 
0.132006 0.729351 0.138643 
0.556848 0.134367 0.308786 
0.226190 0.640476 0.133333 
0.563853 0.115801 0.320346 
0.584204 0.267131 0.148664 
0.585979 0.264550 0.149471 
0.628057 0.218790 0.153153 
0.641396 0.193742 0.164862 
0.576605 0.089027 0.334369 
0.638716 0.182195 0.179089 
0.634176 0.244284 0.121540 
0.058503 0.313605 0.627891 
0.678922 0.120098 0.200980 
0.587654 0.328395 0.083951 
0.073759 0.082270 0.843972 
0.555138 0.291980 0.152882 
0.586794 0.145900 0.267306 
0.059229 0.507576 0.433196 
0.561091 0.283511 0.155397 
0.075788 0.788062 0.136150 
0.609553 0.111111 0.279335 
0.037408 0.135605 0.826987 
0.084397 0.790780 0.124823 
0.073628 0.726238 0.200134 
0.599529 0.288575 0.111896 
0.069892 0.116263 0.813844 
0.599473 0.239789 0.160738 
0.185973 0.519307 0.294720 
0.086445 0.517981 0.395574 
0.669831 0.195148 0.135021 
0.603175 0.306471 0.090354 
0.627513 0.144974 0.227513 
0.634658 0.270419 0.094923 
0.662352 0.267530 0.070119 
0.103245 0.545723 0.351032 
0.074649 0.675536 0.249815 
0.647523 0.171171 0.181306 
0.632898 0.286492 0.080610 
0.585311 0.236158 0.178531 
0.042929 0.147096 0.809975 
0.646403 0.102330 0.251266 
0.636150 0.252347 0.111502 
0.057348 0.605735 0.336918 
0.147670 0.517563 0.334767 
0.626362 0.237473 0.136166 
0.042484 0.220915 0.736601 
0.112273 0.666667 0.221060 
0.594657 0.145180 0.260163 
0.061661 0.061661 0.876679 
0.636469 0.099884 0.263647 
0.082985 0.574616 0.342399 
0.099306 0.538889 0.361806 
0.076869 0.475192 0.447939 
0.640230 0.171264 0.188506 
0.064559 0.066535 0.868906 
0.613975 0.246277 0.139748 
0.590299 0.215686 0.194014 
0.651366 0.225137 0.123497 
0.592054 0.225775 0.182171 
0.064291 0.703704 0.232006 
0.659259 0.151323 0.189418 
0.612865 0.276023 0.111111 
0.569351 0.361298 0.069351 
0.582816 0.148033 0.269151 
0.661148 0.243929 0.094923 
0.619048 0.083333 0.297619 
0.636462 0.108954 0.254585 
0.650739 0.080774 0.268487 
0.049550 0.354569 0.595882 
0.075990 0.491699 0.432312 
0.065728 0.045607 0.888665 
0.583900 0.304989 0.111111 
0.660215 0.198925 0.140860 
0.668934 0.185941 0.145125 
0.623094 0.172113 0.204793 
0.596132 0.224118 0.179750 
0.082639 0.584722 0.332639 
0.568209 0.333333 0.098458 
0.624756 0.268031 0.107212 
0.035692 0.173359 0.790950 
0.574074 0.165577 0.260349 
0.620155 0.277962 0.101883 
0.070833 0.074405 0.854762 
0.062956 0.548045 0.388999 
0.531630 0.276156 0.192214 
0.688453 0.181917 0.129630 
0.635659 0.225775 0.138566 
0.588701 0.266667 0.144633 
0.094086 0.092070 0.813844 
0.554398 0.207176 0.238426 
0.591470 0.143659 0.264871 
0.087906 0.047198 0.864897 
0.615801 0.291126 0.093074 
0.571737 0.283711 0.144552 
0.039013 0.073437 0.887550 
0.649123 0.237358 0.113519 
0.602263 0.106179 0.291558 
0.669892 0.186022 0.144086 
0.058974 0.433974 0.507051 
0.586580 0.271645 0.141775 
0.623687 0.196753 0.179561 
0.586359 0.332233 0.081408 
0.592959 0.328933 0.078108 
0.517276 0.404472 0.078252 
0.625458 0.141941 0.232601 
0.680600 0.236870 0.082529 
0.608481 0.306706 0.084813 
0.650901 0.157658 0.191441 
0.534279 0.321513 0.144208 
0.650049 0.128055 0.221896 
0.637811 0.222886 0.139303 
0.618899 0.098650 0.282451 
0.054422 0.068550 0.877028 
0.059259 0.177208 0.763533 
0.601932 0.303382 0.094686 
0.086260 0.694393 0.219347 
0.118622 0.577866 0.303512 
0.587082 0.126874 0.286044 
0.624355 0.277606 0.098039 
0.621259 0.163055 0.215686 
0.633434 0.258812 0.107754 
0.549727 0.339891 0.110383 
0.120147 0.528938 0.350916 
0.623624 0.194194 0.182182 
0.604485 0.304791 0.090724 
0.055057 0.159186 0.785757 
0.581741 0.317410 0.100849 
0.075941 0.692876 0.231183 
0.674908 0.147436 0.177656 
0.677656 0.117216 0.205128 
0.663472 0.158679 0.177849 
0.059394 0.333939 0.606667 
0.037237 0.150751 0.812012 
0.551535 0.308114 0.140351 
0.597180 0.240685 0.162135 
0.612103 0.189484 0.198413 
0.576735 0.362659 0.060606 
0.048453 0.092236 0.859311 
0.592699 0.117195 0.290106 
0.632696 0.215499 0.151805 
0.576174 0.290951 0.132875 
0.604108 0.326797 0.069094 
0.654989 0.221868 0.123142 
0.682149 0.165756 0.152095 
0.612774 0.280439 0.106786 
0.567447 0.319955 0.112598 
0.691358 0.198481 0.110161 
0.505708 0.372146 0.122146 
0.602603 0.266266 0.131131 
0.033390 0.281268 0.685342 
0.693519 0.115741 0.190741 
0.560173 0.110823 0.329004 
0.609848 0.317235 0.072917 
0.698236 0.129991 0.171773 
0.636452 0.241715 0.121832 
0.614878 0.298493 0.086629 
0.620935 0.175813 0.203252 
0.622605 0.266284 0.111111 
0.612669 0.201454 0.185877 
0.155128 0.762821 0.082051 
0.649475 0.196753 0.153773 
0.066172 0.286951 0.646877 
0.639545 0.132983 0.227472 
0.625479 0.093870 0.280651 
0.608507 0.074653 0.316840 
0.113038 0.529223 0.357739 
0.059149 0.150359 0.790492 
0.112736 0.646557 0.240707 
0.648467 0.234674 0.116858 
0.677138 0.164049 0.158813 
0.596190 0.287619 0.116190 
0.663873 0.191806 0.144320 
0.661905 0.107619 0.230476 
0.034438 0.067576 0.897986 
0.580208 0.298958 0.120833 
0.647940 0.265918 0.086142 
0.595311 0.317023 0.087666 
0.589899 0.320202 0.089899 
0.063842 0.731638 0.204520 
0.581643 0.355556 0.062802 
0.628237 0.302423 0.069340 
0.120468 0.064327 0.815205 
0.044668 0.381351 0.573981 
0.165782 0.693215 0.141003 
0.662551 0.202675 0.134774 
0.645951 0.109228 0.244821 
0.069836 0.619131 0.311033 
0.062793 0.594484 0.342723 
0.621677 0.173824 0.204499 
0.580616 0.069746 0.349638 
0.630285 0.243854 0.125860 
0.609075 0.085515 0.305410 
0.579365 0.124008 0.296627 
0.043766 0.156743 0.799491 
0.599617 0.131226 0.269157 
0.574359 0.285128 0.140513 
0.059502 0.208865 0.731633 
0.632150 0.158777 0.209073 
0.569351 0.300895 0.129754 
0.587065 0.160199 0.252736 
0.663024 0.141166 0.195811 
0.590147 0.266247 0.143606 
0.695341 0.146953 0.157706 
0.589744 0.334249 0.076007 
0.696729 0.221927 0.081344 
0.125291 0.544872 0.329837 
0.614273 0.107498 0.278229 
0.601732 0.261472 0.136797 
0.636205 0.158399 0.205396 
0.632150 0.244576 0.123274 
0.659048 0.253333 0.087619 
0.594203 0.186176 0.219621 
0.571285 0.351406 0.077309 
0.627505 0.105647 0.266849 
0.080321 0.639702 0.279977 
0.617618 0.227227 0.155155 
0.667580 0.089498 0.242922 
0.638013 0.245463 0.116523 
0.645134 0.143842 0.211025 
0.660343 0.072267 0.267389 
0.649326 0.097303 0.253372 
0.670261 0.171608 0.158131 
0.618371 0.183712 0.197917 
0.619189 0.274975 0.105836 
0.646078 0.175490 0.178431 
0.591874 0.195753 0.212373 
0.612872 0.310279 0.076849 
0.635522 0.175926 0.188552 
0.652216 0.114644 0.233141 
0.127976 0.260119 0.611905 
0.607843 0.167945 0.224211 
0.635417 0.206439 0.158144 
0.178830 0.230112 0.591059 
0.669967 0.132838 0.197195 
0.614469 0.315018 0.070513 
0.632969 0.291439 0.075592 
0.404219 0.462447 0.133333 
0.630784 0.188857 0.180359 
0.586879 0.360816 0.052305 
0.658436 0.107819 0.233745 
0.634875 0.296724 0.068401 
0.500467 0.382820 0.116713 
0.600775 0.249031 0.150194 
0.034392 0.508995 0.456614 
0.605004 0.272565 0.122431 
0.683466 0.206012 0.110522 
0.631383 0.288765 0.079851 
0.661305 0.087578 0.251117 
0.675799 0.138813 0.185388 
0.058046 0.318391 0.623563 
0.604167 0.303030 0.092803 
0.054994 0.127385 0.817621 
0.654189 0.231729 0.114082 
0.650882 0.196843 0.152275 
0.628070 0.270175 0.101754 
0.606814 0.137201 0.255985 
0.666667 0.228829 0.104505 
0.045641 0.176410 0.777949 
0.579473 0.290645 0.129882 
0.090648 0.629375 0.279977 
0.554919 0.291309 0.153773 
0.614878 0.315443 0.069680 
0.667619 0.193333 0.139048 
0.621090 0.288651 0.090259 
0.696729 0.142352 0.160920 
0.655622 0.209839 0.134538 
0.060706 0.560706 0.378587 
0.513561 0.413823 0.072616 
0.680658 0.194239 0.125103 
0.645390 0.161348 0.193262 
0.599617 0.237548 0.162835 
0.047090 0.240741 0.712169 
0.620116 0.241064 0.138820 
0.574906 0.150749 0.274345 
0.648900 0.250423 0.100677 
0.638809 0.252642 0.108549 
0.601307 0.329599 0.069094 
0.665792 0.211724 0.122485 
0.061026 0.281026 0.657949 
0.620723 0.081134 0.298143 
0.640399 0.224638 0.134964 
0.064943 0.745977 0.189080 
0.648625 0.238832 0.112543 
0.625111 0.237843 0.137047 
0.649123 0.209649 0.141228 
0.031640 0.226827 0.741533 
0.655856 0.153153 0.190991 
0.613060 0.215400 0.171540 
0.045882 0.825318 0.128800 
0.608414 0.057443 0.334142 
0.603560 0.042880 0.353560 
0.641228 0.233333 0.125439 
0.636210 0.115905 0.247885 
0.029298 0.229961 0.740741 
0.591870 0.323577 0.084553 
0.629340 0.272569 0.098090 
0.613298 0.279965 0.106737 
0.605571 0.271339 0.123091 
0.595933 0.301503 0.102564 
0.603175 0.202172 0.194653 
0.050663 0.216856 0.732481 
0.675926 0.191077 0.132997 
0.617094 0.086325 0.296581 
0.255635 0.257414 0.486951 
0.673203 0.121732 0.205065 
0.033495 0.240951 0.725554 
0.650912 0.225539 0.123549 
0.641427 0.268059 0.090513 
0.621795 0.083333 0.294872 
0.663399 0.268791 0.067810 
0.648318 0.100153 0.251529 
0.615889 0.264537 0.119574 
0.649167 0.231667 0.119167 
0.619048 0.269558 0.111395 
0.568581 0.250399 0.181021 
0.654167 0.171667 0.174167 
0.617253 0.222781 0.159966 
0.041306 0.490874 0.467819 
0.046346 0.396613 0.557041 
0.654874 0.265723 0.079403 
0.604352 0.280910 0.114738 
0.030164 0.301636 0.668200 
0.603790 0.247201 0.149009 
0.626079 0.289292 0.084629 
0.657384 0.211814 0.130802 
0.636876 0.115137 0.247987 
0.672515 0.137427 0.190058 
0.585323 0.274978 0.139699 
0.664049 0.177138 0.158813 
0.627350 0.263248 0.109402 
0.631927 0.222498 0.145575 
0.036380 0.073215 0.890405 
0.610401 0.121910 0.267690 
0.026849 0.215299 0.757852 
0.660564 0.232647 0.106789 
0.637715 0.179969 0.182316 
0.493333 0.236863 0.269804 
0.588435 0.310374 0.101190 
0.658897 0.271950 0.069153 
0.657617 0.275264 0.067119 
0.703262 0.130469 0.166269 
0.077891 0.109821 0.812288 
0.621795 0.056891 0.321314 
0.606698 0.048287 0.345016 
0.627726 0.232866 0.139408 
0.655197 0.050896 0.293907 
0.616850 0.098168 0.284982 
0.665879 0.169425 0.164697 
0.667474 0.178370 0.154157 
0.658730 0.118254 0.223016 
0.039467 0.636267 0.324267 
0.588141 0.290064 0.121795 
0.053175 0.524603 0.422222 
0.625088 0.047921 0.326991 
0.652946 0.132365 0.214689 
0.627093 0.286910 0.085997 
0.675335 0.185973 0.138692 
0.035273 0.048501 0.916226 
0.044710 0.223993 0.731297 
0.649452 0.276213 0.074335 
0.632025 0.267129 0.100847 
0.063467 0.762667 0.173867 
0.581934 0.246203 0.171863 
0.649206 0.223016 0.127778 
0.668325 0.208126 0.123549 
0.025347 0.828790 0.145863 
0.637131 0.201688 0.161181 
0.617343 0.297534 0.085123 
0.559871 0.305016 0.135113 
0.648511 0.064633 0.286855 
0.039299 0.277936 0.682765 
0.599656 0.267182 0.133162 
0.677009 0.113763 0.209228 
0.615508 0.102318 0.282174 
0.636438 0.283497 0.080065 
0.025475 0.289724 0.684801 
0.589094 0.301075 0.109831 
0.053448 0.087719 0.858833 
0.595408 0.284244 0.120348 
0.673275 0.129222 0.197504 
0.661847 0.100402 0.237751 
0.647462 0.073388 0.279150 
0.649520 0.071331 0.279150 
0.647770 0.284958 0.067271 
0.617343 0.299920 0.082737 
0.635545 0.296478 0.067977 
0.609034 0.291277 0.099688 
0.644444 0.206349 0.149206 
0.564048 0.366596 0.069356 
0.591468 0.073030 0.335503 
0.661741 0.166667 0.171593 
0.024988 0.217350 0.757661 
0.646305 0.209653 0.144042 
0.636232 0.188406 0.175362 
0.674347 0.190476 0.135177 
0.073516 0.120091 0.806393 
0.068037 0.117352 0.814612 
0.656123 0.261963 0.081914 
0.641085 0.255039 0.103876 
0.626337 0.278189 0.095473 
0.624493 0.281427 0.094079 
0.656073 0.264124 0.079802 
0.034845 0.305626 0.659530 
0.618292 0.300831 0.080877 
0.677037 0.141481 0.181481 
0.592424 0.251515 0.156061 
0.630568 0.068356 0.301075 
0.552846 0.060163 0.386992 
0.596006 0.303379 0.100614 
0.592593 0.054815 0.352593 
0.654735 0.227442 0.117823 
0.412415 0.126701 0.460884 
0.640508 0.243647 0.115845 
0.650661 0.281141 0.068198 
0.627451 0.262745 0.109804 
0.640791 0.127093 0.232116 
0.632332 0.222461 0.145207 
0.133973 0.512574 0.353452 
0.654321 0.235340 0.110340 
0.632982 0.134035 0.232982 
0.675887 0.158865 0.165248 
0.639797 0.241104 0.119099 
0.658764 0.087644 0.253592 
0.645646 0.210961 0.143393 
0.628205 0.141780 0.230015 
0.107322 0.532970 0.359709 
0.676168 0.184481 0.139351 
0.665954 0.153134 0.180912 
0.636436 0.256961 0.106603 
0.663989 0.161981 0.174029 
0.609017 0.103474 0.287509 
0.613243 0.310760 0.075997 
0.638889 0.235736 0.125375 
0.644942 0.129667 0.225390 
0.683724 0.167733 0.148543 
0.676703 0.143369 0.179928 
0.060406 0.556437 0.383157 
0.697557 0.126437 0.176006 
0.660647 0.218209 0.121144 
0.597729 0.298459 0.103812 
0.055204 0.120944 0.823852 
0.658351 0.047124 0.294525 
0.668005 0.208166 0.123829 
0.598688 0.036971 0.364341 
0.654643 0.165665 0.179693 
0.571978 0.290223 0.137798 
0.632686 0.186084 0.181230 
0.638832 0.298710 0.062458 
0.606749 0.292700 0.100551 
0.103993 0.321263 0.574745 
0.720315 0.128040 0.151645 
0.615497 0.279971 0.104532 
0.607670 0.269174 0.123156 
0.627493 0.225783 0.146724 
0.600540 0.302969 0.096491 
0.051601 0.054991 0.893409 
0.700577 0.194084 0.105339 
0.685792 0.165301 0.148907 
0.666667 0.086625 0.246708 
0.601626 0.301626 0.096748 
0.643771 0.245791 0.110438 
0.654035 0.264561 0.081404 
0.161642 0.122697 0.715662 
0.033543 0.691405 0.275052 
0.628944 0.291495 0.079561 
0.591374 0.339181 0.069444 
0.633478 0.230880 0.135642 
0.605118 0.312586 0.082296 
0.651941 0.260375 0.087684 
0.683039 0.209561 0.107400 
0.670346 0.222222 0.107432 
0.645614 0.270877 0.083509 
0.646063 0.217807 0.136130 
0.666667 0.124092 0.209241 
0.612057 0.241844 0.146099 
0.664068 0.075374 0.260559 
0.651147 0.108637 0.240216 
0.657277 0.268947 0.073776 
0.676638 0.217236 0.106125 
0.643050 0.290823 0.066127 
0.624829 0.295610 0.079561 
0.025833 0.637083 0.337083 
0.664112 0.127714 0.208174 
0.654686 0.252995 0.092319 
0.656206 0.154114 0.189679 
0.623040 0.201772 0.175187 
0.636235 0.275301 0.088464 
0.615500 0.279157 0.105342 
0.697386 0.187582 0.115033 
0.659590 0.209483 0.130927 
0.669504 0.216312 0.114184 
0.604938 0.286855 0.108206 
0.631173 0.246914 0.121914 
0.670675 0.141617 0.187709 
0.627451 0.198880 0.173669 
0.607357 0.312312 0.080330 
0.653253 0.194500 0.152247 
0.660956 0.194147 0.144897 
0.612135 0.305684 0.082181 
0.621920 0.335927 0.042153 
0.652805 0.205281 0.141914 
0.636040 0.123219 0.240741 
0.614105 0.276780 0.109115 
0.028792 0.476480 0.494728 
0.640051 0.223701 0.136248 
0.614672 0.262108 0.123219 
0.616338 0.259664 0.123997 
0.082433 0.101641 0.815926 
0.672401 0.201434 0.126165 
0.633593 0.308690 0.057717 
0.641751 0.169024 0.189226 
0.662290 0.126185 0.211524 
0.624369 0.041035 0.334596 
0.649054 0.259622 0.091324 
0.660207 0.043928 0.295866 
0.616487 0.283154 0.100358 
0.652537 0.244059 0.103404 
0.703555 0.180416 0.116030 
0.646667 0.150303 0.203030 
0.687579 0.128644 0.183777 
0.635041 0.061986 0.302973 
0.720539 0.207407 0.072054 
0.635675 0.176997 0.187328 
0.552322 0.294525 0.153153 
0.632446 0.295944 0.071610 
0.653049 0.038484 0.308467 
0.691073 0.143866 0.165061 
0.645139 0.245139 0.109722 
0.633670 0.268013 0.098316 
0.649196 0.271838 0.078966 
0.656566 0.247475 0.095960 
0.645333 0.237333 0.117333 
0.677663 0.203436 0.118900 
0.596289 0.225848 0.177863 
0.643175 0.113651 0.243175 
0.633469 0.292005 0.074526 
0.677278 0.113608 0.209114 
0.638269 0.252874 0.108857 
0.585251 0.038348 0.376401 
0.666667 0.178991 0.154343 
0.053348 0.430362 0.516291 
0.661747 0.076876 0.261378 
0.636080 0.051810 0.312110 
0.682301 0.136335 0.181363 
0.622312 0.277554 0.100134 
0.680906 0.251780 0.067314 
0.653797 0.269627 0.076577 
0.656035 0.185116 0.158849 
0.678046 0.182062 0.139893 
0.673985 0.095143 0.230872 
0.644180 0.277116 0.078704 
0.617571 0.309432 0.072997 
0.049685 0.347794 0.602521 
0.650032 0.218170 0.131798 
0.058207 0.067968 0.873825 
0.602610 0.234282 0.163108 
0.659547 0.255663 0.084790 
0.646164 0.243386 0.110450 
0.667868 0.204805 0.127327 
0.681537 0.196406 0.122057 
0.672789 0.105442 0.221769 
0.585705 0.282100 0.132195 
0.635745 0.268398 0.095857 
0.629630 0.039591 0.330779 
0.645917 0.276439 0.077644 
0.712458 0.106397 0.181145 
0.670384 0.237299 0.092317 
0.671551 0.257631 0.070818 
0.737786 0.132962 0.129252 
0.665457 0.144586 0.189958 
0.597197 0.306520 0.096283 
0.638228 0.267196 0.094577 
0.700126 0.211490 0.088384 
0.600894 0.292465 0.106641 
0.625071 0.320798 0.054131 
0.628880 0.270580 0.100540 
0.659748 0.261635 0.078616 
0.091707 0.685008 0.223285 
0.698252 0.138184 0.163565 
0.633670 0.160943 0.205387 
0.686951 0.263016 0.050034 
0.686905 0.104762 0.208333 
0.614247 0.281586 0.104167 
0.052258 0.306458 0.641284 
0.663738 0.175161 0.161101 
0.566127 0.151147 0.282726 
0.674897 0.202234 0.122869 
0.587065 0.180348 0.232587 
0.070939 0.713019 0.216042 
0.685061 0.141583 0.173356 
0.698498 0.145345 0.156156 
0.669211 0.142494 0.188295 
0.628685 0.244331 0.126984 
0.649189 0.085518 0.265293 
0.654434 0.056269 0.289297 
0.698090 0.186075 0.115835 
0.625068 0.162014 0.212917 
0.628138 0.102744 0.269119 
0.686096 0.241651 0.072253 
0.620513 0.264744 0.114744 
0.639606 0.261378 0.099016 
0.617525 0.065127 0.317348 
0.665409 0.257862 0.076730 
0.628138 0.312901 0.058961 
0.684366 0.135693 0.179941 
0.650392 0.257987 0.091621 
0.664710 0.224397 0.110894 
0.657910 0.239346 0.102744 
0.779828 0.146986 0.073186 
0.026899 0.041076 0.932025 
0.699940 0.206292 0.093769 
0.648148 0.241338 0.110514 
0.044396 0.044396 0.911208 
0.703704 0.137892 0.158405 
0.713960 0.129345 0.156695 
0.599761 0.225209 0.175030 
0.641275 0.054565 0.304160 
0.628538 0.313114 0.058348 
0.657161 0.217997 0.124842 
0.638840 0.235642 0.125518 
0.653664 0.228132 0.118203 
0.659182 0.106505 0.234312 
0.705174 0.205174 0.089651 
0.685438 0.103527 0.211035 
0.625763 0.283272 0.090965 
0.632337 0.321705 0.045958 
0.661930 0.242747 0.095323 
0.684827 0.173404 0.141769 
0.608722 0.047790 0.343489 
0.599761 0.049582 0.350657 
0.672917 0.105729 0.221354 
0.725926 0.137892 0.136182 
0.620833 0.292262 0.086905 
0.690013 0.164721 0.145266 
0.684900 0.148148 0.166952 
0.636419 0.260738 0.102843 
0.654131 0.278063 0.067806 
0.632464 0.062029 0.305507 
0.689197 0.191797 0.119006 
0.635942 0.288116 0.075942 
0.654144 0.237329 0.108527 
0.635769 0.149138 0.215092 
0.623405 0.066001 0.310593 
