0.333333 0.453815 0.212851 
0.513410 0.249042 0.237548 
0.357430 0.369478 0.273092 
0.280303 0.507576 0.212121 
0.409962 0.363985 0.226054 
0.544872 0.294872 0.160256 
0.216117 0.556777 0.227106 
0.363036 0.452145 0.184818 
0.426523 0.372760 0.200717 
0.222222 0.627628 0.150150 
0.282913 0.577031 0.140056 
0.224422 0.551155 0.224422 
0.185185 0.646724 0.168091 
0.552189 0.269360 0.178451 
0.592287 0.203857 0.203857 
0.510903 0.277259 0.211838 
0.182073 0.677871 0.140056 
0.264368 0.591954 0.143678 
0.402402 0.411411 0.186186 
0.431884 0.405797 0.162319 
0.191358 0.654321 0.154321 
0.336310 0.470238 0.193452 
0.552707 0.279202 0.168091 
0.557471 0.281609 0.160920 
0.326797 0.326797 0.346405 
0.326797 0.326797 0.346405 
0.308123 0.492997 0.198880 
0.605556 0.213889 0.180556 
0.630556 0.188889 0.180556 
0.467787 0.341737 0.190476 
0.377410 0.476584 0.146006 
0.476190 0.350140 0.173669 
0.462644 0.385057 0.152299 
0.310145 0.457971 0.231884 
0.249364 0.608142 0.142494 
0.245614 0.621554 0.132832 
0.407104 0.341530 0.251366 
0.273713 0.525745 0.200542 
0.351598 0.283105 0.365297 
0.584656 0.259259 0.156085 
0.480874 0.349727 0.169399 
0.202279 0.578348 0.219373 
0.369830 0.508516 0.121655 
0.228205 0.628205 0.143590 
0.166667 0.651282 0.182051 
0.291990 0.563307 0.144703 
0.143590 0.674359 0.182051 
0.482323 0.376263 0.141414 
0.490050 0.333333 0.176617 
0.309179 0.526570 0.164251 
0.583333 0.274123 0.142544 
0.519048 0.354762 0.126190 
0.430446 0.430446 0.139108 
0.446194 0.414698 0.139108 
0.323671 0.519324 0.157005 
0.399027 0.340633 0.260341 
0.379902 0.490196 0.129902 
0.260982 0.571059 0.167959 
0.321637 0.426901 0.251462 
0.490338 0.338164 0.171498 
0.572178 0.280840 0.146982 
0.477778 0.391111 0.131111 
0.655012 0.228438 0.116550 
0.349333 0.421333 0.229333 
0.547619 0.290476 0.161905 
0.367150 0.367150 0.265700 
0.662192 0.205817 0.131991 
0.401961 0.438725 0.159314 
0.238771 0.635934 0.125296 
0.249433 0.582766 0.167800 
0.683761 0.183761 0.132479 
0.247549 0.629902 0.122549 
0.287356 0.542529 0.170115 
0.540839 0.242826 0.216336 
0.362031 0.454746 0.183223 
0.701646 0.164609 0.133745 
0.185464 0.568922 0.245614 
0.229581 0.633554 0.136865 
0.201946 0.603406 0.194647 
0.444444 0.411111 0.144444 
0.149123 0.721491 0.129386 
0.228395 0.228395 0.543210 
0.362031 0.474614 0.163355 
0.557214 0.296020 0.146766 
0.376263 0.353535 0.270202 
0.174731 0.553763 0.271505 
0.614657 0.267139 0.118203 
0.451537 0.387707 0.160757 
0.184265 0.674948 0.140787 
0.301149 0.556322 0.142529 
0.296296 0.567130 0.136574 
0.225549 0.638723 0.135729 
0.327553 0.558767 0.113680 
0.395143 0.467991 0.136865 
0.487356 0.301149 0.211494 
0.514161 0.350763 0.135076 
0.473193 0.382284 0.144522 
0.490991 0.355856 0.153153 
0.410256 0.445221 0.144522 
0.472222 0.395299 0.132479 
0.310417 0.579167 0.110417 
0.184444 0.584444 0.231111 
0.657033 0.229287 0.113680 
0.292566 0.465228 0.242206 
0.347319 0.494172 0.158508 
0.468627 0.398039 0.133333 
0.135632 0.687356 0.177011 
0.244856 0.596708 0.158436 
0.579167 0.316667 0.104167 
0.584946 0.281720 0.133333 
0.222222 0.636015 0.141762 
0.299087 0.449772 0.251142 
0.314176 0.590038 0.095785 
0.152125 0.736018 0.111857 
0.206061 0.315152 0.478788 
0.653704 0.237037 0.109259 
0.552209 0.335341 0.112450 
0.169625 0.725838 0.104536 
0.337449 0.504115 0.158436 
0.615213 0.185682 0.199105 
0.534216 0.315673 0.150110 
0.277433 0.606625 0.115942 
0.296296 0.606238 0.097466 
0.255914 0.546237 0.197849 
0.434109 0.445736 0.120155 
0.601449 0.291667 0.106884 
0.306667 0.580952 0.112381 
0.114519 0.783231 0.102249 
0.612663 0.283054 0.104283 
0.425703 0.425703 0.148594 
0.327236 0.516260 0.156504 
0.746589 0.132554 0.120858 
0.588353 0.269076 0.142570 
0.489279 0.389864 0.120858 
0.695736 0.195736 0.108527 
0.307018 0.543860 0.149123 
0.678295 0.213178 0.108527 
0.432950 0.283525 0.283525 
0.639216 0.262745 0.098039 
0.267057 0.582846 0.150097 
0.362140 0.504115 0.133745 
0.497863 0.337607 0.164530 
0.254167 0.535417 0.210417 
0.358095 0.478095 0.163810 
0.283247 0.625216 0.091537 
0.644567 0.224678 0.130755 
0.654514 0.248264 0.097222 
0.536489 0.329389 0.134122 
0.668309 0.220033 0.111658 
0.349794 0.522634 0.127572 
0.345853 0.575900 0.078247 
0.261209 0.594542 0.144250 
0.402482 0.503546 0.093972 
0.245318 0.621723 0.132959 
0.397086 0.479053 0.123862 
0.689211 0.220612 0.090177 
0.207679 0.668412 0.123909 
0.132114 0.638211 0.229675 
0.371648 0.515326 0.113027 
0.379189 0.479718 0.141093 
0.446360 0.348659 0.204981 
0.689716 0.179078 0.131206 
0.339662 0.459916 0.200422 
0.684982 0.201465 0.113553 
0.166667 0.722846 0.110487 
0.538739 0.354955 0.106306 
0.689354 0.181501 0.129145 
0.673977 0.248538 0.077485 
0.157509 0.668498 0.173993 
0.588342 0.276867 0.134791 
0.234082 0.610487 0.155431 
0.303030 0.543672 0.153298 
0.283951 0.601411 0.114638 
0.235727 0.561694 0.202578 
0.349550 0.511712 0.138739 
0.356884 0.471014 0.172101 
0.296296 0.524366 0.179337 
0.805415 0.104907 0.089679 
0.279026 0.621723 0.099251 
0.263889 0.180556 0.555556 
0.663566 0.235659 0.100775 
0.431973 0.482993 0.085034 
0.515152 0.378788 0.106061 
0.671406 0.206951 0.121643 
0.654882 0.235690 0.109428 
0.190236 0.720539 0.089226 
0.210708 0.666667 0.122625 
0.616943 0.279926 0.103131 
0.801314 0.111658 0.087028 
0.691792 0.214405 0.093802 
0.329710 0.536232 0.134058 
0.740924 0.161716 0.097360 
0.740924 0.151815 0.107261 
0.325203 0.583740 0.091057 
0.321725 0.580431 0.097844 
0.152921 0.714777 0.132302 
0.401396 0.490401 0.108202 
0.733638 0.149163 0.117199 
0.762579 0.144654 0.092767 
0.344322 0.476190 0.179487 
0.276949 0.545605 0.177446 
0.404187 0.452496 0.143317 
0.348562 0.470389 0.181049 
0.557265 0.341880 0.100855 
0.643302 0.269470 0.087227 
0.357964 0.510673 0.131363 
0.686179 0.193496 0.120325 
0.828239 0.090247 0.081514 
0.208333 0.686012 0.105655 
0.525705 0.346600 0.127695 
0.307551 0.467772 0.224678 
0.233974 0.661859 0.104167 
0.323899 0.588050 0.088050 
0.242276 0.637398 0.120325 
0.599402 0.307922 0.092676 
0.387346 0.535494 0.077160 
0.202443 0.605585 0.191972 
0.620915 0.292484 0.086601 
0.347009 0.567521 0.085470 
0.217687 0.656463 0.125850 
0.361953 0.488215 0.149832 
0.674718 0.230274 0.095008 
0.212914 0.579407 0.207679 
0.619048 0.208333 0.172619 
0.432520 0.422764 0.144715 
0.224736 0.681750 0.093514 
0.386525 0.445035 0.168440 
0.455556 0.426984 0.117460 
0.307568 0.539452 0.152979 
0.500761 0.391172 0.108067 
0.575321 0.258013 0.166667 
0.169340 0.650624 0.180036 
0.207977 0.690883 0.101140 
0.270922 0.653901 0.075177 
0.248366 0.645425 0.106209 
0.284685 0.500901 0.214414 
0.451078 0.416252 0.132670 
0.167449 0.646322 0.186228 
0.326797 0.493464 0.179739 
0.268707 0.585034 0.146259 
0.164483 0.740902 0.094614 
0.511594 0.259420 0.228986 
0.740591 0.143817 0.115591 
0.442901 0.401235 0.155864 
0.421474 0.402244 0.176282 
0.416275 0.505477 0.078247 
0.319728 0.544218 0.136054 
0.161859 0.661859 0.176282 
0.155136 0.331237 0.513627 
0.221212 0.671212 0.107576 
0.222222 0.650794 0.126984 
0.505376 0.344086 0.150538 
0.381877 0.396440 0.221683 
0.246032 0.641270 0.112698 
0.253205 0.642628 0.104167 
0.500805 0.370370 0.128824 
0.299145 0.151709 0.549145 
0.366667 0.530303 0.103030 
0.653736 0.265805 0.080460 
0.492329 0.421199 0.086471 
0.430199 0.472934 0.096866 
0.681090 0.161859 0.157051 
0.279240 0.590643 0.130117 
0.521986 0.292199 0.185816 
0.306854 0.498442 0.194704 
0.498551 0.402899 0.098551 
0.342636 0.556589 0.100775 
0.516667 0.348485 0.134848 
0.670977 0.252874 0.076149 
0.451713 0.451713 0.096573 
0.470405 0.437695 0.091900 
0.677370 0.168196 0.154434 
0.287879 0.390152 0.321970 
0.209480 0.677370 0.113150 
0.218654 0.663609 0.117737 
0.715762 0.204134 0.080103 
0.467305 0.385965 0.146730 
0.450980 0.428356 0.120664 
0.232323 0.652237 0.115440 
0.414454 0.427729 0.157817 
0.255556 0.546032 0.198413 
0.479606 0.433193 0.087201 
0.154818 0.733017 0.112164 
0.752924 0.147661 0.099415 
0.179845 0.733333 0.086822 
0.165079 0.688889 0.146032 
0.371852 0.500741 0.127407 
0.439592 0.452693 0.107715 
0.309410 0.419458 0.271132 
0.189266 0.727401 0.083333 
0.536296 0.380741 0.082963 
0.487179 0.401207 0.111614 
0.283747 0.626722 0.089532 
0.367668 0.496423 0.135908 
0.273654 0.622999 0.103348 
0.598374 0.286179 0.115447 
0.184080 0.340796 0.475124 
0.138004 0.341826 0.520170 
0.210667 0.706667 0.082667 
0.324859 0.600282 0.074859 
0.473611 0.427778 0.098611 
0.244866 0.624013 0.131122 
0.724843 0.168239 0.106918 
0.636099 0.251820 0.112082 
0.797980 0.135101 0.066919 
0.605531 0.256186 0.138282 
0.139394 0.748485 0.112121 
0.328340 0.575531 0.096130 
0.613119 0.299866 0.087015 
0.755162 0.122419 0.122419 
0.384503 0.524854 0.090643 
0.587021 0.325959 0.087021 
0.607918 0.312899 0.079183 
0.395218 0.492264 0.112518 
0.742018 0.163474 0.094508 
0.140030 0.692542 0.167428 
0.347287 0.537984 0.114729 
0.265537 0.663842 0.070621 
0.434641 0.419935 0.145425 
0.241870 0.217480 0.540650 
0.534170 0.316597 0.149233 
0.845499 0.082725 0.071776 
0.423831 0.500754 0.075415 
0.345730 0.527548 0.126722 
0.308786 0.595607 0.095607 
0.415278 0.481944 0.102778 
0.268229 0.627604 0.104167 
0.429513 0.421607 0.148880 
0.537634 0.334869 0.127496 
0.554598 0.321839 0.123563 
0.337625 0.539342 0.123033 
0.223979 0.698287 0.077734 
0.690821 0.230676 0.078502 
0.273537 0.655216 0.071247 
0.329149 0.546722 0.124128 
0.290148 0.533063 0.176788 
0.659864 0.255782 0.084354 
0.314888 0.595520 0.089592 
0.609415 0.265903 0.124682 
0.844363 0.079657 0.075980 
0.489855 0.376812 0.133333 
0.796296 0.109788 0.093915 
0.122178 0.747676 0.130146 
0.342448 0.584635 0.072917 
0.593093 0.237237 0.169670 
0.438746 0.425926 0.135328 
0.421705 0.337984 0.240310 
0.189498 0.264840 0.545662 
0.322129 0.536415 0.141457 
0.382184 0.438218 0.179598 
0.344867 0.587082 0.068051 
0.808009 0.108363 0.083628 
0.709273 0.201754 0.088972 
0.432099 0.495062 0.072840 
0.294197 0.597841 0.107962 
0.684915 0.243309 0.071776 
0.277778 0.594444 0.127778 
0.627604 0.295573 0.076823 
0.427800 0.460189 0.112011 
0.130522 0.347390 0.522088 
0.683060 0.195355 0.121585 
0.324750 0.530758 0.144492 
0.128540 0.318083 0.553377 
0.169429 0.202578 0.627993 
0.423810 0.488095 0.088095 
0.848291 0.072650 0.079060 
0.566061 0.369697 0.064242 
0.156785 0.710145 0.133070 
0.293742 0.561941 0.144317 
0.752283 0.190639 0.057078 
0.679487 0.237179 0.083333 
0.205412 0.725707 0.068881 
0.268519 0.585979 0.145503 
0.321237 0.575269 0.103495 
0.156504 0.296748 0.546748 
0.829028 0.083641 0.087331 
0.372840 0.532099 0.095062 
0.732861 0.186761 0.080378 
0.493743 0.432309 0.073948 
0.654321 0.254321 0.091358 
0.358366 0.488801 0.152833 
0.445264 0.474785 0.079951 
0.463869 0.453380 0.082751 
0.688327 0.247894 0.063779 
0.426554 0.490113 0.083333 
0.672640 0.235364 0.091995 
0.679058 0.221809 0.099133 
0.678922 0.252451 0.068627 
0.587244 0.341757 0.070999 
0.251004 0.142570 0.606426 
0.224401 0.708061 0.067538 
0.132164 0.735673 0.132164 
0.352798 0.465937 0.181265 
0.534392 0.288360 0.177249 
0.264988 0.606715 0.128297 
0.749708 0.177778 0.072515 
0.567949 0.348718 0.083333 
0.118095 0.255238 0.626667 
0.580482 0.299113 0.120406 
0.538667 0.318667 0.142667 
0.797980 0.104798 0.097222 
0.203163 0.593674 0.203163 
0.219820 0.176577 0.603604 
0.633456 0.257073 0.109471 
0.712515 0.206939 0.080545 
0.412198 0.500526 0.087277 
0.638570 0.240102 0.121328 
0.699495 0.199495 0.101010 
0.587615 0.318841 0.093544 
0.768362 0.168362 0.063277 
0.314217 0.611708 0.074074 
0.272931 0.212528 0.514541 
0.648709 0.281706 0.069585 
0.097606 0.290976 0.611418 
0.457711 0.424129 0.118159 
0.442786 0.439055 0.118159 
0.696446 0.241114 0.062440 
0.420606 0.467879 0.111515 
0.702497 0.213898 0.083605 
0.302083 0.186012 0.511905 
0.849537 0.089120 0.061343 
0.241309 0.686094 0.072597 
0.282506 0.644208 0.073286 
0.157509 0.300366 0.542125 
0.311111 0.542690 0.146199 
0.425137 0.500546 0.074317 
0.534591 0.274214 0.191195 
0.616125 0.240674 0.143201 
0.757125 0.177200 0.065675 
0.154031 0.753309 0.092659 
0.149543 0.683790 0.166667 
0.232099 0.661728 0.106173 
0.521930 0.406798 0.071272 
0.585979 0.335979 0.078042 
0.270136 0.627014 0.102850 
0.275905 0.586767 0.137328 
0.410611 0.514418 0.074971 
0.213282 0.600255 0.186462 
0.485160 0.416667 0.098174 
0.443250 0.461171 0.095579 
0.311861 0.594070 0.094070 
0.213080 0.270042 0.516878 
0.691919 0.169192 0.138889 
0.795967 0.094899 0.109134 
0.598907 0.330055 0.071038 
0.177083 0.481771 0.341146 
0.695421 0.187433 0.117146 
0.553459 0.311950 0.134591 
0.607581 0.283166 0.109253 
0.196881 0.319688 0.483431 
0.099822 0.292335 0.607843 
0.238263 0.650235 0.111502 
0.859010 0.066293 0.074697 
0.762073 0.129564 0.108363 
0.659817 0.248858 0.091324 
0.386224 0.463715 0.150062 
0.164751 0.222222 0.613027 
0.195402 0.185550 0.619048 
0.772257 0.126294 0.101449 
0.848889 0.085556 0.065556 
0.560502 0.334475 0.105023 
0.304825 0.610746 0.084430 
0.817137 0.086729 0.096134 
0.284116 0.643177 0.072707 
0.487179 0.440357 0.072464 
0.477146 0.463768 0.059086 
0.126521 0.663017 0.210462 
0.767932 0.141350 0.090717 
0.298889 0.572222 0.128889 
0.208835 0.214859 0.576305 
0.268856 0.619221 0.111922 
0.306577 0.590858 0.102564 
0.127572 0.257202 0.615226 
0.240580 0.536232 0.223188 
0.147950 0.217469 0.634581 
0.844086 0.066667 0.089247 
0.167521 0.249573 0.582906 
0.315152 0.529697 0.155152 
0.555218 0.327254 0.117528 
0.228621 0.186736 0.584642 
0.177536 0.242754 0.579710 
0.813927 0.087900 0.098174 
0.277496 0.115059 0.607445 
0.092869 0.311774 0.595357 
0.117754 0.346014 0.536232 
0.560091 0.274376 0.165533 
0.696272 0.239035 0.064693 
0.175381 0.727669 0.096950 
0.286442 0.558614 0.154944 
0.420952 0.123810 0.455238 
0.455899 0.435281 0.108820 
0.169429 0.274401 0.556169 
0.316562 0.612159 0.071279 
0.252315 0.613426 0.134259 
0.362319 0.573499 0.064182 
0.532481 0.401491 0.066028 
0.818864 0.121115 0.060021 
0.257923 0.674317 0.067760 
0.289931 0.170139 0.539931 
0.701632 0.180653 0.117716 
0.367446 0.542885 0.089669 
0.178777 0.673587 0.147636 
0.678862 0.261179 0.059959 
0.113290 0.770153 0.116558 
0.831183 0.076344 0.092473 
0.784722 0.165675 0.049603 
0.811404 0.130482 0.058114 
0.136452 0.803119 0.060429 
0.369615 0.461451 0.168934 
0.278101 0.641473 0.080426 
0.552480 0.320646 0.126874 
0.480676 0.408213 0.111111 
0.402244 0.258013 0.339744 
0.424816 0.446898 0.128286 
0.843448 0.109938 0.046614 
0.757370 0.148526 0.094104 
0.221122 0.191419 0.587459 
0.166667 0.698135 0.135198 
0.413377 0.419956 0.166667 
0.523044 0.381565 0.095391 
0.162641 0.297907 0.539452 
0.199295 0.262787 0.537919 
0.201454 0.709242 0.089304 
0.470847 0.434543 0.094609 
0.392222 0.522222 0.085556 
0.417436 0.460513 0.122051 
0.206349 0.692744 0.100907 
0.784977 0.156808 0.058216 
0.265393 0.246285 0.488323 
0.162257 0.236332 0.601411 
0.111111 0.259760 0.629129 
0.336678 0.554069 0.109253 
0.305907 0.555907 0.138186 
0.500539 0.374326 0.125135 
0.609990 0.333333 0.056676 
0.505556 0.408889 0.085556 
0.314314 0.605606 0.080080 
0.597137 0.308793 0.094070 
0.282407 0.635185 0.082407 
0.095935 0.349593 0.554472 
0.117460 0.260317 0.622222 
0.304942 0.535226 0.159832 
0.479355 0.388721 0.131923 
0.580288 0.321152 0.098560 
0.165165 0.219219 0.615616 
0.261179 0.599593 0.139228 
0.665588 0.218986 0.115426 
0.137519 0.263079 0.599402 
0.118457 0.271350 0.610193 
0.855289 0.088822 0.055888 
0.203650 0.690682 0.105668 
0.683333 0.230208 0.086458 
0.382600 0.448637 0.168763 
0.462547 0.465356 0.072097 
0.316057 0.581301 0.102642 
0.832847 0.092323 0.074830 
0.638716 0.272257 0.089027 
0.614359 0.300513 0.085128 
0.799683 0.139351 0.060966 
0.784254 0.109407 0.106339 
0.765849 0.124744 0.109407 
0.383629 0.528600 0.087771 
0.223724 0.151652 0.624625 
0.782014 0.151515 0.066471 
0.199442 0.157601 0.642957 
0.156300 0.275917 0.567783 
0.144492 0.281831 0.573677 
0.413829 0.426213 0.159959 
0.139837 0.232520 0.627642 
0.173984 0.256911 0.569106 
0.318318 0.138138 0.543544 
0.161085 0.266348 0.572568 
0.202212 0.192733 0.605055 
0.118949 0.284924 0.596127 
0.142003 0.254111 0.603886 
0.807207 0.134234 0.058559 
0.408382 0.440546 0.151072 
0.706439 0.209280 0.084280 
0.458848 0.440329 0.100823 
0.216810 0.686724 0.096466 
0.462398 0.441057 0.096545 
0.211724 0.726159 0.062117 
0.199612 0.708333 0.092054 
0.223291 0.585470 0.191239 
0.115278 0.277778 0.606944 
0.295617 0.607543 0.096840 
0.315593 0.584500 0.099907 
0.171540 0.735867 0.092593 
0.118022 0.295056 0.586922 
0.851142 0.094977 0.053881 
0.619189 0.286845 0.093966 
0.679962 0.252612 0.067426 
0.155668 0.363790 0.480541 
0.115059 0.307953 0.576988 
0.217832 0.655522 0.126646 
0.410177 0.463136 0.126687 
0.391068 0.436819 0.172113 
0.567288 0.346791 0.085921 
0.409283 0.538397 0.052321 
0.481905 0.384762 0.133333 
0.182362 0.177877 0.639761 
0.263566 0.597868 0.138566 
0.192982 0.225371 0.581646 
0.419715 0.459350 0.120935 
0.344974 0.468783 0.186243 
0.779677 0.130104 0.090218 
0.374132 0.574653 0.051215 
0.188705 0.217631 0.593664 
0.103976 0.324159 0.571865 
0.777169 0.149772 0.073059 
0.206349 0.171717 0.621934 
0.080601 0.334699 0.584699 
0.143494 0.739750 0.116756 
0.169729 0.781277 0.048994 
0.088076 0.303523 0.608401 
0.443815 0.432483 0.123702 
0.446718 0.459506 0.093777 
0.501792 0.413082 0.085125 
0.187959 0.227606 0.584435 
0.848706 0.103560 0.047735 
0.080836 0.783833 0.135332 
0.214379 0.194771 0.590850 
0.151652 0.309309 0.539039 
0.163194 0.782986 0.053819 
0.156028 0.198582 0.645390 
0.114449 0.277539 0.608011 
0.552053 0.342884 0.105062 
0.111111 0.302778 0.586111 
0.276803 0.598441 0.124756 
0.118234 0.293447 0.588319 
0.253372 0.597303 0.149326 
0.109788 0.268519 0.621693 
0.157214 0.610945 0.231841 
0.246002 0.153752 0.600246 
0.212940 0.736282 0.050778 
0.779304 0.139194 0.081502 
0.359187 0.555863 0.084949 
0.232601 0.674908 0.092491 
0.174743 0.205580 0.619677 
0.708333 0.242424 0.049242 
0.588141 0.350160 0.061699 
0.458781 0.485663 0.055556 
0.495604 0.452438 0.051958 
0.153741 0.214966 0.631293 
0.149541 0.733500 0.116959 
0.451356 0.482456 0.066188 
0.122739 0.239018 0.638243 
0.087179 0.333333 0.579487 
0.102011 0.356322 0.541667 
0.745484 0.188834 0.065681 
0.437276 0.429211 0.133513 
0.145185 0.300741 0.554074 
0.808312 0.134012 0.057676 
0.302589 0.613269 0.084142 
0.530958 0.421544 0.047498 
0.395451 0.524059 0.080490 
0.599267 0.350916 0.049817 
0.119326 0.247730 0.632944 
0.177507 0.185637 0.636856 
0.150273 0.215847 0.633880 
0.623932 0.320901 0.055167 
0.128852 0.242297 0.628852 
0.334635 0.096354 0.569010 
0.137415 0.210884 0.651701 
0.292282 0.592775 0.114943 
0.489991 0.351610 0.158399 
0.307898 0.103079 0.589023 
0.438984 0.470925 0.090090 
0.568729 0.370275 0.060997 
0.778929 0.100173 0.120898 
0.630673 0.217527 0.151800 
0.222821 0.662174 0.115004 
0.248677 0.117725 0.633598 
0.195624 0.172458 0.631918 
0.177778 0.211111 0.611111 
0.719697 0.228788 0.051515 
0.192449 0.695212 0.112339 
0.255524 0.635927 0.108549 
0.115723 0.262893 0.621384 
0.188172 0.168011 0.643817 
0.147147 0.232733 0.620120 
0.370980 0.549804 0.079216 
0.708444 0.193778 0.097778 
0.721817 0.184104 0.094079 
0.708655 0.248500 0.042845 
0.505936 0.327854 0.166210 
0.251647 0.140975 0.607378 
0.379227 0.277778 0.342995 
0.625405 0.292880 0.081715 
0.155216 0.193384 0.651399 
0.573883 0.334192 0.091924 
0.134431 0.299040 0.566529 
0.361248 0.587849 0.050903 
0.146487 0.361734 0.491779 
0.844073 0.108990 0.046937 
0.230496 0.610816 0.158688 
0.144621 0.700176 0.155203 
0.319964 0.552585 0.127451 
0.659278 0.272578 0.068144 
0.235772 0.591870 0.172358 
0.501587 0.437302 0.061111 
0.078042 0.320106 0.601852 
0.308458 0.095771 0.595771 
0.120735 0.325459 0.553806 
0.127451 0.704991 0.167558 
0.459191 0.463768 0.077040 
0.702435 0.248097 0.049467 
0.281667 0.669167 0.049167 
0.176329 0.165459 0.658213 
0.282248 0.102171 0.615581 
0.127525 0.237374 0.635101 
0.070667 0.290667 0.638667 
0.874510 0.079216 0.046275 
0.113501 0.267622 0.618877 
0.815396 0.093423 0.091181 
0.828849 0.129297 0.041854 
0.347730 0.068660 0.583610 
0.126667 0.230667 0.642667 
0.226716 0.178922 0.594363 
0.120865 0.193384 0.685751 
0.178962 0.269126 0.551913 
0.751844 0.210597 0.037559 
0.582492 0.309764 0.107744 
0.289855 0.172464 0.537681 
0.181299 0.761599 0.057102 
0.495335 0.360475 0.144190 
0.661552 0.162830 0.175618 
0.593032 0.329375 0.077593 
0.254137 0.151300 0.594563 
0.227879 0.147879 0.624242 
0.421590 0.520058 0.058352 
0.156433 0.305556 0.538012 
0.755607 0.147718 0.096674 
0.761308 0.168406 0.070285 
0.191954 0.195402 0.612644 
0.206173 0.183951 0.609877 
0.198667 0.222667 0.578667 
0.184149 0.187646 0.628205 
0.692409 0.264686 0.042904 
0.657916 0.276054 0.066030 
0.189567 0.151399 0.659033 
0.105575 0.255042 0.639383 
0.244200 0.159951 0.595849 
0.297477 0.134130 0.568393 
0.210678 0.292929 0.496392 
0.152640 0.751650 0.095710 
0.627726 0.328660 0.043614 
0.882394 0.072373 0.045233 
0.384419 0.522350 0.093231 
0.183508 0.173055 0.643438 
0.079951 0.264453 0.655597 
0.206041 0.125135 0.668824 
0.323161 0.567293 0.109546 
0.328627 0.575686 0.095686 
0.370795 0.584098 0.045107 
0.335723 0.074074 0.590203 
0.298531 0.546790 0.154679 
0.313648 0.132546 0.553806 
0.228395 0.191358 0.580247 
0.105392 0.256127 0.638480 
0.130334 0.206459 0.663206 
0.869001 0.075227 0.055772 
0.262360 0.604466 0.133174 
0.213836 0.702044 0.084119 
0.104010 0.299499 0.596491 
0.312837 0.092772 0.594391 
0.326139 0.099520 0.574341 
0.192157 0.632157 0.175686 
0.135615 0.223067 0.641318 
0.233560 0.141723 0.624717 
0.213730 0.727530 0.058740 
0.498127 0.439700 0.062172 
0.501515 0.417424 0.081061 
0.266204 0.116898 0.616898 
0.236211 0.185851 0.577938 
0.192506 0.223514 0.583979 
0.733844 0.172619 0.093537 
0.301405 0.128991 0.569604 
0.259834 0.101449 0.638716 
0.560684 0.294017 0.145299 
0.284222 0.114943 0.600836 
0.363132 0.577270 0.059598 
0.181637 0.277445 0.540918 
0.769528 0.129157 0.101315 
0.793884 0.153517 0.052599 
0.143068 0.718289 0.138643 
0.323270 0.123270 0.553459 
0.154195 0.589569 0.256236 
0.281481 0.129101 0.589418 
0.152446 0.261661 0.585893 
0.265122 0.145431 0.589447 
0.145363 0.228070 0.626566 
0.132629 0.210094 0.657277 
0.275583 0.102330 0.622087 
0.248227 0.108409 0.643364 
0.090376 0.280516 0.629108 
0.329932 0.613605 0.056463 
0.181601 0.131422 0.686977 
0.128761 0.255114 0.616125 
0.869504 0.058865 0.071631 
0.306471 0.101343 0.592186 
0.230208 0.173958 0.595833 
0.646006 0.294766 0.059229 
0.103009 0.311343 0.585648 
0.268947 0.657277 0.073776 
0.215447 0.151423 0.633130 
0.879092 0.081496 0.039412 
0.086525 0.824823 0.088652 
0.606481 0.308862 0.084656 
0.119540 0.264368 0.616092 
0.646505 0.281586 0.071909 
0.137179 0.233333 0.629487 
0.176517 0.628054 0.195429 
0.287690 0.615491 0.096819 
0.113519 0.224974 0.661507 
0.123810 0.238095 0.638095 
0.269151 0.107660 0.623188 
0.086300 0.290183 0.623517 
0.112869 0.220464 0.666667 
0.377581 0.519174 0.103245 
0.489283 0.429416 0.081301 
0.160616 0.170517 0.668867 
0.072417 0.302449 0.625133 
0.094923 0.320088 0.584989 
0.656566 0.304293 0.039141 
0.240079 0.091270 0.668651 
0.160367 0.167239 0.672394 
0.487455 0.453047 0.059498 
0.450896 0.399283 0.149821 
0.091587 0.276890 0.631523 
0.656209 0.307190 0.036601 
0.338215 0.534868 0.126918 
0.172924 0.244596 0.582480 
0.889499 0.047009 0.063492 
0.114512 0.240363 0.645125 
0.350767 0.572524 0.076709 
0.680556 0.213889 0.105556 
0.598882 0.320056 0.081062 
0.221100 0.143659 0.635241 
0.861001 0.072464 0.066535 
0.086130 0.290828 0.623043 
0.162626 0.220202 0.617172 
0.154989 0.186837 0.658174 
0.204179 0.201330 0.594492 
0.276031 0.657582 0.066387 
0.207039 0.110766 0.682195 
0.152968 0.180365 0.666667 
0.061202 0.375956 0.562842 
0.266464 0.135765 0.597771 
0.086300 0.244876 0.668824 
0.284656 0.084656 0.630688 
0.217300 0.144515 0.638186 
0.232222 0.118889 0.648889 
0.769627 0.180824 0.049550 
0.535760 0.390166 0.074074 
0.866533 0.065728 0.067740 
0.091916 0.347730 0.560354 
0.093586 0.241851 0.664564 
0.125138 0.174972 0.699889 
0.257721 0.113951 0.628328 
0.118889 0.282222 0.598889 
0.355556 0.553472 0.090972 
0.134259 0.293981 0.571759 
0.108863 0.273603 0.617534 
0.861695 0.100701 0.037604 
0.123536 0.312034 0.564430 
0.102814 0.284632 0.612554 
0.758333 0.165476 0.076190 
0.536117 0.394964 0.068920 
0.308422 0.141163 0.550415 
0.126731 0.184239 0.689031 
0.158594 0.229820 0.611586 
0.263277 0.103955 0.632768 
0.719086 0.196909 0.084005 
0.161582 0.263277 0.575141 
0.219298 0.183114 0.597588 
0.850737 0.059587 0.089676 
0.081481 0.303704 0.614815 
0.128371 0.306365 0.565264 
0.847963 0.109581 0.042456 
0.074747 0.280808 0.644444 
0.222793 0.173950 0.603256 
0.109359 0.210305 0.680336 
0.670513 0.264744 0.064744 
0.183069 0.208466 0.608466 
0.173221 0.212547 0.614232 
0.224731 0.134409 0.640860 
0.263441 0.124731 0.611828 
0.067662 0.410945 0.521393 
0.244385 0.125786 0.629829 
0.058700 0.285115 0.656184 
0.080193 0.314976 0.604831 
0.111111 0.239824 0.649065 
0.261822 0.202999 0.535179 
0.220307 0.102490 0.677203 
0.165692 0.168616 0.665692 
0.270325 0.084350 0.645325 
0.801675 0.145474 0.052852 
0.881481 0.060969 0.057550 
0.149758 0.199034 0.651208 
0.173136 0.731362 0.095502 
0.400928 0.480451 0.118622 
0.255631 0.134009 0.610360 
0.083838 0.298990 0.617172 
0.232323 0.123232 0.644444 
0.083585 0.295065 0.621349 
0.139957 0.252137 0.607906 
0.542125 0.324542 0.133333 
0.213725 0.146078 0.640196 
0.121305 0.261978 0.616718 
0.753441 0.191502 0.055057 
0.170301 0.229491 0.600208 
0.430780 0.495296 0.073925 
0.206093 0.112007 0.681900 
0.252471 0.053010 0.694519 
0.186458 0.173958 0.639583 
0.439394 0.503030 0.057576 
0.421021 0.545345 0.033634 
0.191854 0.249732 0.558414 
0.170611 0.217949 0.611440 
0.162293 0.208941 0.628766 
0.053640 0.369732 0.576628 
0.812026 0.139521 0.048453 
0.315443 0.103578 0.580979 
0.145379 0.238837 0.615784 
0.106264 0.307606 0.586130 
0.084249 0.301282 0.614469 
0.111111 0.235722 0.653167 
0.117069 0.202860 0.680071 
0.157380 0.221896 0.620723 
0.129630 0.289760 0.580610 
0.108007 0.191806 0.700186 
0.122631 0.333333 0.544036 
0.125860 0.255654 0.618486 
0.586870 0.376344 0.036786 
0.240942 0.075181 0.683877 
0.310374 0.119048 0.570578 
0.068709 0.316620 0.614670 
0.152095 0.138434 0.709472 
0.090735 0.279847 0.629417 
0.068329 0.320406 0.611265 
0.124378 0.258706 0.616915 
0.196244 0.170892 0.632864 
0.191641 0.179409 0.628950 
0.105629 0.729918 0.164453 
0.133895 0.204120 0.661985 
0.272109 0.665430 0.062461 
0.219658 0.132479 0.647863 
0.275117 0.092019 0.632864 
0.272805 0.093777 0.633419 
0.450225 0.438664 0.111111 
0.491985 0.448867 0.059149 
0.306520 0.580743 0.112736 
0.069484 0.280751 0.649765 
0.130249 0.212511 0.657241 
0.153128 0.214753 0.632120 
0.203499 0.098527 0.697974 
0.147526 0.211951 0.640523 
0.831709 0.133853 0.034438 
0.148828 0.234455 0.616718 
0.076217 0.271809 0.651974 
0.175649 0.193613 0.630739 
0.076162 0.319486 0.604352 
0.182486 0.755367 0.062147 
0.067235 0.334280 0.598485 
0.055829 0.326765 0.617406 
0.794152 0.090643 0.115205 
0.233948 0.721385 0.044668 
0.302065 0.535693 0.162242 
0.104733 0.234642 0.660624 
0.253924 0.093259 0.652816 
0.337441 0.590962 0.071596 
0.323357 0.605047 0.071596 
0.200200 0.185185 0.614615 
0.324444 0.081778 0.593778 
0.120424 0.253372 0.626204 
0.271637 0.104542 0.623822 
0.281827 0.121477 0.596696 
0.599491 0.356743 0.043766 
0.283568 0.106103 0.610329 
0.291165 0.116466 0.592369 
0.833637 0.112325 0.054038 
0.204831 0.158454 0.636715 
0.162842 0.215301 0.621858 
0.104288 0.291423 0.604288 
0.170688 0.159964 0.669348 
0.192821 0.211282 0.595897 
0.210202 0.091469 0.698329 
0.228212 0.144654 0.627134 
0.113174 0.168877 0.717949 
0.120047 0.761655 0.118298 
0.262411 0.108156 0.629433 
0.180272 0.203231 0.616497 
0.194017 0.142735 0.663248 
0.106280 0.271498 0.622222 
0.071895 0.267974 0.660131 
0.266885 0.123094 0.610022 
0.093412 0.326450 0.580138 
0.259160 0.090259 0.650581 
0.398738 0.517499 0.083764 
0.196078 0.178431 0.625490 
0.261969 0.077687 0.660343 
0.114232 0.237828 0.647940 
0.255499 0.080372 0.664129 
0.270390 0.081560 0.648050 
0.271010 0.089707 0.639282 
0.107584 0.197531 0.694885 
0.127205 0.230269 0.642526 
0.176357 0.193798 0.629845 
0.148895 0.160423 0.690682 
0.162138 0.221920 0.615942 
0.075330 0.295669 0.629002 
0.227461 0.138131 0.634409 
0.180359 0.163362 0.656280 
0.608333 0.258333 0.133333 
0.205193 0.167504 0.627303 
0.163417 0.194058 0.642526 
0.374096 0.454964 0.170940 
0.210868 0.111111 0.678021 
0.069182 0.282120 0.648697 
0.068811 0.285970 0.645219 
0.172097 0.362573 0.465330 
0.110185 0.240741 0.649074 
0.048738 0.351610 0.599652 
0.232201 0.103560 0.664239 
0.140699 0.203022 0.656280 
0.111722 0.383700 0.504579 
0.084520 0.318139 0.597341 
0.213757 0.750265 0.035979 
0.235965 0.146491 0.617544 
0.072049 0.256944 0.671007 
0.076217 0.271809 0.651974 
0.178070 0.128070 0.693860 
0.198029 0.128136 0.673835 
0.370115 0.570115 0.059770 
0.205200 0.143918 0.650882 
0.846240 0.100449 0.053311 
0.120811 0.216049 0.663139 
0.219800 0.110808 0.669391 
0.203273 0.159345 0.637382 
0.180668 0.207769 0.611563 
0.073386 0.264368 0.662246 
0.488718 0.461026 0.050256 
0.183601 0.245098 0.571301 
0.297189 0.603557 0.099254 
0.274345 0.161985 0.563670 
0.071099 0.314866 0.614035 
0.080299 0.256769 0.662932 
0.117544 0.238596 0.643860 
0.126736 0.173611 0.699653 
0.140610 0.193707 0.665683 
0.219647 0.717991 0.062362 
0.071306 0.398625 0.530069 
0.110841 0.220065 0.669094 
0.230303 0.113420 0.656277 
0.106103 0.289202 0.604695 
0.739153 0.215344 0.045503 
0.263244 0.101874 0.634882 
0.205693 0.205693 0.588613 
0.143807 0.193682 0.662510 
0.103578 0.253296 0.643126 
0.073260 0.315018 0.611722 
0.084848 0.264069 0.651082 
0.524103 0.416410 0.059487 
0.122605 0.231801 0.645594 
0.200717 0.130824 0.668459 
0.460586 0.457207 0.082207 
0.070042 0.275105 0.654852 
0.085069 0.277778 0.637153 
0.094746 0.260121 0.645134 
0.192068 0.777629 0.030303 
0.168877 0.139699 0.691424 
0.156638 0.208214 0.635148 
0.176893 0.772250 0.050857 
0.352426 0.051710 0.595863 
0.330947 0.063644 0.605410 
0.094746 0.280792 0.624462 
0.256027 0.108894 0.635079 
0.553344 0.415699 0.030956 
0.083133 0.298961 0.617906 
0.093777 0.270247 0.635976 
0.122852 0.238832 0.638316 
0.123457 0.250441 0.626102 
0.160590 0.225694 0.613715 
0.245484 0.169130 0.585386 
0.441288 0.505208 0.053504 
0.125724 0.234905 0.639371 
0.218304 0.102435 0.679261 
0.478055 0.257414 0.264531 
0.204016 0.124498 0.671486 
0.558617 0.409508 0.031875 
0.087205 0.273024 0.639772 
0.183761 0.129915 0.686325 
0.244497 0.126572 0.628931 
0.069076 0.273896 0.657028 
0.166290 0.150489 0.683220 
0.185185 0.180354 0.634461 
0.102881 0.228807 0.668313 
0.162072 0.194653 0.643275 
0.326224 0.093997 0.579779 
0.153972 0.200655 0.645373 
0.191770 0.196708 0.611523 
0.542747 0.415946 0.041306 
0.629234 0.325758 0.045009 
0.057364 0.322481 0.620155 
0.237403 0.124031 0.638566 
0.395194 0.571575 0.033231 
0.273266 0.103215 0.623519 
0.067854 0.301951 0.630195 
0.225539 0.101161 0.673300 
0.272367 0.089470 0.638163 
0.226062 0.081353 0.692585 
0.165799 0.178819 0.655382 
0.140531 0.173950 0.685518 
0.140218 0.220823 0.638959 
0.091870 0.262602 0.645528 
0.884948 0.074579 0.040473 
0.185092 0.195142 0.619765 
0.587639 0.383992 0.028369 
0.162142 0.180241 0.657617 
0.209392 0.130870 0.659738 
0.249228 0.239969 0.510802 
0.099415 0.287385 0.613200 
0.056575 0.288226 0.655199 
0.088344 0.259837 0.651819 
0.111894 0.161189 0.726917 
0.874698 0.047412 0.077891 
0.285264 0.084318 0.630418 
0.332567 0.054406 0.613027 
0.146360 0.219923 0.633716 
0.291667 0.052260 0.656073 
0.259019 0.135642 0.605339 
0.227132 0.113178 0.659690 
0.218254 0.108730 0.673016 
0.132709 0.198283 0.669009 
0.607467 0.351467 0.041067 
0.204886 0.176517 0.618597 
0.206746 0.734127 0.059127 
0.324306 0.055556 0.620139 
0.199206 0.132540 0.668254 
0.210487 0.118352 0.671161 
0.078295 0.257364 0.664341 
0.904321 0.060406 0.035273 
0.621071 0.335547 0.043382 
0.056967 0.297152 0.645881 
0.160606 0.185606 0.653788 
0.448131 0.470247 0.081622 
0.301101 0.102987 0.595912 
0.102264 0.228728 0.669009 
0.131214 0.185004 0.683782 
0.153037 0.821616 0.025347 
0.220564 0.138474 0.640962 
0.107199 0.252739 0.640063 
0.228321 0.178202 0.593477 
0.233190 0.100143 0.666667 
0.762311 0.199811 0.037879 
0.237131 0.153586 0.609283 
0.182316 0.142410 0.675274 
0.220912 0.152516 0.626572 
0.184739 0.148594 0.666667 
0.449050 0.524180 0.026770 
0.092215 0.314437 0.593348 
0.829457 0.119543 0.051000 
0.165109 0.202492 0.632399 
0.220535 0.094722 0.684743 
0.188784 0.115324 0.695893 
0.258959 0.082488 0.658553 
0.258959 0.076403 0.664638 
0.057292 0.311756 0.630952 
0.128326 0.231612 0.640063 
0.064412 0.301127 0.634461 
0.127969 0.240613 0.631418 
0.198283 0.104606 0.697112 
0.049512 0.377964 0.572524 
0.326211 0.078348 0.595442 
0.093624 0.243745 0.662631 
0.565299 0.411127 0.023574 
0.135115 0.210839 0.654046 
0.241256 0.091363 0.667380 
0.139834 0.207861 0.652305 
0.881735 0.046119 0.072146 
0.884475 0.044749 0.070776 
0.075758 0.271930 0.652313 
0.141114 0.216629 0.642258 
0.086570 0.285599 0.627832 
0.116427 0.248006 0.635566 
0.066110 0.258177 0.675713 
0.265323 0.698573 0.036104 
0.188988 0.166667 0.644345 
0.231218 0.104303 0.664478 
0.120060 0.283371 0.596570 
0.309902 0.058201 0.631897 
0.246203 0.169464 0.584333 
0.103553 0.271353 0.625094 
0.353756 0.051787 0.594457 
0.247076 0.078216 0.674708 
0.093537 0.483844 0.422619 
0.098602 0.266372 0.635026 
0.087791 0.235940 0.676269 
0.140432 0.233025 0.626543 
0.185768 0.176779 0.637453 
0.100775 0.250881 0.648344 
0.290352 0.579790 0.129858 
0.154138 0.165528 0.680334 
0.312586 0.057400 0.630014 
0.110412 0.211041 0.678546 
0.194564 0.138770 0.666667 
0.205237 0.147912 0.646851 
0.094605 0.267554 0.637842 
0.086117 0.286563 0.627320 
0.685766 0.208276 0.105957 
0.095016 0.225857 0.679128 
0.144561 0.199298 0.656140 
0.116588 0.243349 0.640063 
0.149835 0.201320 0.648845 
0.333333 0.062591 0.604076 
0.145926 0.212593 0.641481 
0.192166 0.163341 0.644494 
0.308568 0.061580 0.629853 
0.158964 0.144258 0.696779 
0.228107 0.100989 0.670904 
0.302469 0.626543 0.070988 
0.120311 0.158528 0.721161 
0.094815 0.252593 0.652593 
0.152313 0.240829 0.606858 
0.514731 0.427609 0.057660 
0.280055 0.042350 0.677596 
0.181159 0.131752 0.687088 
0.366902 0.036514 0.596584 
0.198946 0.129776 0.671278 
0.135606 0.283333 0.581061 
0.199682 0.166269 0.634049 
0.105756 0.242303 0.651941 
0.091530 0.271858 0.636612 
0.642990 0.258589 0.098422 
0.094433 0.202255 0.703312 
0.210943 0.154788 0.634269 
0.226346 0.145560 0.628093 
0.098246 0.275088 0.626667 
0.228876 0.113107 0.658017 
0.858380 0.091149 0.050471 
0.078181 0.229566 0.692253 
0.237710 0.076094 0.686195 
0.269416 0.057045 0.673540 
0.150280 0.215028 0.634692 
0.063973 0.304377 0.631650 
0.186030 0.132089 0.681881 
0.352596 0.483250 0.164154 
0.350524 0.614675 0.034801 
0.151454 0.204192 0.644354 
0.072714 0.308135 0.619150 
0.112296 0.278607 0.609097 
0.085208 0.291752 0.623040 
0.074587 0.248845 0.676568 
0.162145 0.125323 0.712532 
0.071014 0.255797 0.673188 
0.071923 0.273167 0.654910 
0.194928 0.151449 0.653623 
0.196615 0.134115 0.669271 
0.144258 0.215686 0.640056 
0.233974 0.087821 0.678205 
0.262808 0.081171 0.656021 
0.072751 0.255291 0.671958 
0.083509 0.237193 0.679298 
0.057219 0.318696 0.624085 
0.086545 0.260987 0.652468 
0.349583 0.623333 0.027083 
0.201638 0.101449 0.696912 
0.080556 0.272222 0.647222 
0.199313 0.135395 0.665292 
0.118280 0.265457 0.616263 
0.114365 0.235704 0.649930 
0.063704 0.301481 0.634815 
0.178340 0.116083 0.705577 
0.120642 0.229428 0.649930 
0.179595 0.127184 0.693222 
0.216023 0.130186 0.653791 
0.172361 0.172361 0.655277 
0.173254 0.161397 0.665349 
0.092478 0.295376 0.612146 
0.152254 0.198817 0.648928 
0.171958 0.169974 0.658069 
0.136428 0.161744 0.701828 
0.080877 0.278156 0.640967 
0.041587 0.341011 0.617402 
0.266536 0.066143 0.667322 
0.075088 0.302456 0.622456 
0.184383 0.145013 0.670604 
0.269667 0.703974 0.026358 
0.113821 0.245153 0.641026 
0.251930 0.102456 0.645614 
0.072557 0.309626 0.617816 
0.744205 0.172262 0.083533 
0.079802 0.255650 0.664548 
0.045425 0.308381 0.646193 
0.174635 0.156707 0.668659 
0.119971 0.208333 0.671695 
0.332087 0.053583 0.614330 
0.053411 0.314028 0.632561 
0.232632 0.083493 0.683875 
0.195451 0.180526 0.624023 
0.159062 0.172370 0.668568 
0.192947 0.105123 0.701929 
0.241276 0.113117 0.645608 
0.168230 0.136335 0.695435 
0.319600 0.046192 0.634207 
0.053121 0.230412 0.716467 
0.233537 0.109301 0.657162 
0.185792 0.237022 0.577186 
0.057644 0.318922 0.623434 
0.315205 0.034503 0.650292 
0.237009 0.065906 0.697085 
0.120465 0.245722 0.633812 
0.132802 0.220452 0.646746 
0.155232 0.171864 0.672904 
0.114899 0.203914 0.681187 
0.210388 0.147272 0.642341 
0.161924 0.170054 0.668022 
0.077020 0.328914 0.594066 
0.258772 0.114035 0.627193 
0.139613 0.197729 0.662659 
0.205318 0.118120 0.676562 
0.251333 0.091333 0.657333 
0.363054 0.039627 0.597319 
0.140258 0.193075 0.666667 
0.357322 0.589330 0.053348 
0.241651 0.075896 0.682453 
0.298829 0.082563 0.618608 
0.208642 0.117901 0.673457 
0.216037 0.134526 0.649437 
0.054917 0.290549 0.654534 
0.073651 0.279365 0.646984 
0.247531 0.080864 0.671605 
0.133993 0.187459 0.678548 
0.131234 0.170604 0.698163 
0.176509 0.168635 0.654856 
0.058636 0.324410 0.616953 
0.362254 0.589173 0.048572 
0.214603 0.126984 0.658413 
0.860810 0.079899 0.059291 
0.122437 0.271822 0.605741 
0.121967 0.183269 0.694764 
0.083496 0.257665 0.658839 
0.091934 0.223606 0.684460 
0.154367 0.134071 0.711562 
0.197279 0.138095 0.664626 
0.149189 0.255930 0.594881 
0.145949 0.209029 0.645022 
0.316950 0.040958 0.642092 
0.163696 0.153795 0.682508 
0.102922 0.166667 0.730412 
0.096636 0.230581 0.672783 
0.140446 0.162146 0.697408 
0.151404 0.131258 0.717338 
0.130227 0.205496 0.664277 
0.051745 0.356799 0.591456 
0.140248 0.198956 0.660796 
0.074143 0.210592 0.715265 
0.167612 0.214871 0.617517 
0.092813 0.272779 0.634409 
0.212908 0.107119 0.679973 
0.133457 0.193048 0.673495 
0.465409 0.440645 0.093947 
0.179744 0.102949 0.717307 
0.154714 0.220452 0.624834 
0.091333 0.211333 0.697333 
0.228689 0.080541 0.690770 
0.150431 0.218025 0.631544 
0.660321 0.286301 0.053378 
0.211227 0.114005 0.674769 
0.202927 0.210912 0.586161 
0.077816 0.260743 0.661440 
0.111725 0.294045 0.594230 
0.469972 0.454252 0.075776 
0.207713 0.095317 0.696970 
0.127521 0.188019 0.684460 
0.121783 0.198996 0.679222 
0.113725 0.259944 0.626331 
0.272951 0.082563 0.644486 
0.138889 0.189614 0.671498 
0.121655 0.181873 0.696472 
0.132576 0.249459 0.617965 
0.255479 0.106690 0.637832 
0.191079 0.116938 0.691983 
0.153068 0.194813 0.652119 
0.136005 0.201579 0.662417 
0.253801 0.111696 0.634503 
0.062694 0.288020 0.649286 
0.061707 0.309112 0.629181 
0.141026 0.182984 0.675991 
0.170833 0.142262 0.686905 
0.227156 0.099743 0.673102 
0.189735 0.099769 0.710496 
0.079976 0.131258 0.788767 
0.875318 0.094511 0.030171 
0.078256 0.219833 0.701912 
0.093215 0.259587 0.647198 
0.911208 0.047671 0.041121 
0.209250 0.073886 0.716864 
0.205866 0.068810 0.725324 
0.073746 0.319764 0.606490 
0.300748 0.052350 0.646902 
0.114155 0.225457 0.660388 
0.080050 0.271420 0.648530 
0.192398 0.148538 0.659064 
0.053707 0.321658 0.624635 
0.267349 0.069397 0.663254 
0.101010 0.224005 0.674985 
0.247330 0.065205 0.687465 
0.097046 0.270645 0.632309 
0.058566 0.304871 0.636563 
0.099415 0.218713 0.681871 
0.190394 0.117477 0.692130 
0.275516 0.114454 0.610029 
0.286136 0.098525 0.615339 
0.174137 0.160227 0.665636 
0.092342 0.171734 0.735923 
0.223398 0.117578 0.659024 
0.114523 0.204734 0.680742 
0.136261 0.173423 0.690315 
0.153800 0.186116 0.660084 
0.046734 0.298423 0.654842 
0.140321 0.203895 0.655785 
0.083333 0.222032 0.694635 
0.227950 0.111111 0.660939 
0.082450 0.296231 0.621319 
0.087441 0.282864 0.629695 
0.177083 0.182018 0.640899 
