0.403614 0.210843 0.174699 0.210843 
0.212644 0.155172 0.189655 0.442529 
0.271084 0.222892 0.186747 0.319277 
0.323864 0.335227 0.153409 0.187500 
0.270115 0.201149 0.189655 0.339080 
0.206731 0.485577 0.120192 0.187500 
0.478022 0.192308 0.181319 0.148352 
0.272277 0.311881 0.123762 0.292079 
0.220430 0.209677 0.145161 0.424731 
0.463964 0.274775 0.112613 0.148649 
0.441176 0.197479 0.105042 0.256303 
0.272277 0.381188 0.163366 0.183168 
0.534188 0.192308 0.132479 0.141026 
0.186869 0.166667 0.126263 0.520202 
0.119835 0.169421 0.169421 0.541322 
0.200935 0.443925 0.172897 0.182243 
0.525210 0.239496 0.113445 0.121849 
0.202586 0.530172 0.107759 0.159483 
0.157658 0.463964 0.130631 0.247748 
0.317391 0.300000 0.126087 0.256522 
0.263889 0.495370 0.115741 0.125000 
0.227679 0.441964 0.147321 0.183036 
0.217949 0.141026 0.123932 0.517094 
0.193966 0.512931 0.107759 0.185345 
0.245098 0.245098 0.264706 0.245098 
0.245098 0.245098 0.264706 0.245098 
0.315126 0.264706 0.138655 0.281513 
0.137500 0.162500 0.154167 0.545833 
0.154167 0.129167 0.145833 0.570833 
0.197479 0.424370 0.130252 0.247899 
0.392562 0.285124 0.111570 0.210744 
0.197479 0.298319 0.147059 0.357143 
0.349138 0.262931 0.125000 0.262931 
0.160870 0.473913 0.186957 0.178261 
0.324427 0.469466 0.095420 0.110687 
0.522556 0.214286 0.101504 0.161654 
0.241803 0.307377 0.159836 0.290984 
0.215447 0.459350 0.166667 0.158537 
0.184932 0.294521 0.294521 0.226027 
0.210317 0.488095 0.115079 0.186508 
0.143443 0.536885 0.135246 0.184426 
0.508547 0.192308 0.166667 0.132479 
0.229927 0.492701 0.091241 0.186131 
0.611538 0.111538 0.111538 0.165385 
0.580769 0.142308 0.150000 0.126923 
0.461240 0.205426 0.104651 0.228682 
0.626923 0.126923 0.134615 0.111538 
0.261364 0.215909 0.109848 0.412879 
0.242537 0.167910 0.138060 0.451493 
0.278986 0.467391 0.126812 0.126812 
0.226974 0.378289 0.095395 0.299342 
0.203571 0.260714 0.096429 0.439286 
0.311024 0.381890 0.114173 0.192913 
0.318898 0.334646 0.114173 0.232283 
0.402174 0.358696 0.134058 0.105072 
0.156934 0.361314 0.149635 0.332117 
0.246324 0.430147 0.091912 0.231618 
0.531008 0.143411 0.143411 0.182171 
0.372807 0.214912 0.214912 0.197368 
0.155797 0.431159 0.119565 0.293478 
0.192913 0.507874 0.114173 0.185039 
0.343333 0.096667 0.090000 0.470000 
0.157343 0.136364 0.101399 0.604895 
0.380000 0.292000 0.180000 0.148000 
0.210714 0.160714 0.132143 0.496429 
0.221014 0.293478 0.228261 0.257246 
0.110738 0.124161 0.104027 0.661074 
0.253676 0.231618 0.113971 0.400735 
0.273050 0.450355 0.095745 0.180851 
0.323129 0.391156 0.119048 0.166667 
0.137821 0.086538 0.105769 0.669872 
0.290441 0.474265 0.091912 0.143382 
0.341379 0.348276 0.148276 0.162069 
0.201987 0.142384 0.168874 0.486755 
0.374172 0.089404 0.149007 0.387417 
0.108025 0.212963 0.095679 0.583333 
0.477444 0.184211 0.214286 0.124060 
0.208609 0.579470 0.096026 0.115894 
0.390511 0.288321 0.164234 0.156934 
0.163333 0.490000 0.103333 0.243333 
0.634868 0.108553 0.101974 0.154605 
0.217593 0.180556 0.486111 0.115741 
0.201987 0.447020 0.122517 0.228477 
0.175373 0.481343 0.115672 0.227612 
0.125000 0.518939 0.215909 0.140152 
0.487903 0.157258 0.213710 0.141129 
0.209220 0.109929 0.088652 0.592199 
0.237589 0.457447 0.138298 0.166667 
0.282609 0.493789 0.102484 0.121118 
0.320690 0.437931 0.106897 0.134483 
0.239583 0.475694 0.107639 0.177083 
0.505988 0.236527 0.104790 0.152695 
0.257225 0.459538 0.089595 0.193642 
0.347682 0.129139 0.102649 0.420530 
0.106897 0.506897 0.162069 0.224138 
0.258170 0.375817 0.101307 0.264706 
0.171329 0.583916 0.115385 0.129371 
0.199324 0.570946 0.118243 0.111486 
0.185315 0.541958 0.101399 0.171329 
0.150641 0.541667 0.118590 0.189103 
0.303125 0.528125 0.078125 0.090625 
0.543333 0.136667 0.203333 0.116667 
0.141618 0.164740 0.083815 0.609827 
0.205036 0.356115 0.219424 0.219424 
0.150350 0.527972 0.129371 0.192308 
0.361765 0.226471 0.085294 0.326471 
0.603448 0.134483 0.141379 0.120690 
0.429012 0.317901 0.132716 0.120370 
0.184375 0.478125 0.078125 0.259375 
0.119355 0.648387 0.087097 0.145161 
0.606322 0.123563 0.100575 0.169540 
0.386986 0.229452 0.195205 0.188356 
0.278736 0.531609 0.077586 0.112069 
0.365772 0.365772 0.104027 0.164430 
0.240909 0.231818 0.404545 0.122727 
0.152778 0.219444 0.080556 0.547222 
0.159639 0.521084 0.087349 0.231928 
0.713018 0.103550 0.079882 0.103550 
0.459877 0.169753 0.101852 0.268519 
0.164430 0.151007 0.157718 0.526846 
0.168874 0.533113 0.102649 0.195364 
0.425466 0.357143 0.090062 0.127329 
0.271930 0.546784 0.073099 0.108187 
0.216129 0.435484 0.158065 0.190323 
0.264535 0.433140 0.078488 0.223837 
0.182065 0.562500 0.073370 0.182065 
0.528571 0.202857 0.088571 0.180000 
0.733129 0.095092 0.076687 0.095092 
0.326816 0.203911 0.069832 0.399441 
0.195783 0.442771 0.111446 0.250000 
0.350610 0.362805 0.100610 0.185976 
0.084795 0.254386 0.096491 0.564327 
0.177711 0.111446 0.117470 0.593373 
0.154971 0.622807 0.090643 0.131579 
0.130814 0.537791 0.095930 0.235465 
0.516447 0.246711 0.101974 0.134868 
0.165698 0.241279 0.078488 0.514535 
0.166667 0.281609 0.258621 0.293103 
0.202941 0.226471 0.079412 0.491176 
0.505848 0.178363 0.125731 0.190058 
0.126543 0.601852 0.095679 0.175926 
0.131410 0.599359 0.118590 0.150641 
0.503125 0.121875 0.165625 0.209375 
0.300000 0.351429 0.122857 0.225714 
0.417098 0.329016 0.075130 0.178756 
0.245856 0.196133 0.091160 0.466851 
0.085938 0.205729 0.075521 0.632812 
0.121302 0.529586 0.109467 0.239645 
0.155172 0.258621 0.081281 0.504926 
0.157407 0.490741 0.095679 0.256173 
0.345070 0.298122 0.063380 0.293427 
0.242690 0.529240 0.114035 0.114035 
0.412234 0.273936 0.071809 0.242021 
0.300562 0.508427 0.092697 0.098315 
0.161202 0.581967 0.095628 0.161202 
0.152174 0.214976 0.070048 0.562802 
0.442408 0.253927 0.096859 0.206806 
0.594512 0.137195 0.185976 0.082317 
0.140805 0.606322 0.094828 0.158046 
0.367725 0.240741 0.113757 0.277778 
0.221264 0.439655 0.146552 0.192529 
0.140957 0.156915 0.098404 0.603723 
0.250000 0.439873 0.161392 0.148734 
0.134615 0.420330 0.074176 0.370879 
0.620787 0.171348 0.081461 0.126404 
0.289189 0.110811 0.078378 0.521622 
0.164921 0.096859 0.102094 0.636126 
0.151316 0.177632 0.054825 0.616228 
0.590659 0.167582 0.140110 0.101648 
0.188525 0.177596 0.106557 0.527322 
0.452247 0.233146 0.132022 0.182584 
0.184492 0.526738 0.109626 0.179144 
0.182540 0.632275 0.071429 0.113757 
0.218232 0.483425 0.174033 0.124309 
0.240541 0.500000 0.089189 0.170270 
0.209239 0.480978 0.154891 0.154891 
0.125731 0.570175 0.137427 0.166667 
0.093909 0.109137 0.063452 0.733503 
0.233146 0.530899 0.092697 0.143258 
0.162500 0.179167 0.479167 0.179167 
0.086047 0.318605 0.086047 0.509302 
0.211735 0.533163 0.063776 0.191327 
0.122159 0.627841 0.082386 0.167614 
0.135071 0.092417 0.101896 0.670616 
0.133838 0.169192 0.093434 0.603535 
0.558081 0.234848 0.068182 0.138889 
0.624352 0.147668 0.101036 0.126943 
0.146409 0.632597 0.080110 0.140884 
0.071429 0.155172 0.066502 0.706897 
0.173367 0.138191 0.067839 0.620603 
0.404891 0.225543 0.116848 0.252717 
0.111386 0.547030 0.076733 0.264851 
0.091584 0.220297 0.081683 0.606436 
0.217073 0.509756 0.065854 0.207317 
0.156716 0.629353 0.067164 0.146766 
0.595361 0.193299 0.105670 0.105670 
0.212042 0.547120 0.081152 0.159686 
0.107306 0.180365 0.102740 0.609589 
0.073113 0.106132 0.073113 0.747642 
0.206044 0.502747 0.140110 0.151099 
0.504975 0.141791 0.141791 0.211443 
0.142512 0.620773 0.113527 0.123188 
0.129442 0.576142 0.154822 0.139594 
0.115385 0.643590 0.079487 0.161538 
0.123832 0.324766 0.063084 0.488318 
0.307882 0.421182 0.091133 0.179803 
0.148780 0.207317 0.109756 0.534146 
0.067686 0.085153 0.067686 0.779476 
0.542411 0.234375 0.087054 0.136161 
0.196517 0.151741 0.087065 0.564677 
0.339779 0.267956 0.190608 0.201657 
0.132212 0.632212 0.074519 0.161058 
0.153302 0.596698 0.068396 0.181604 
0.543902 0.173171 0.080488 0.202439 
0.177130 0.244395 0.069507 0.508969 
0.182870 0.539352 0.062500 0.215278 
0.342932 0.222513 0.164921 0.269634 
0.144608 0.556373 0.066176 0.232843 
0.258974 0.546154 0.064103 0.130769 
0.400510 0.395408 0.089286 0.114796 
0.315657 0.416667 0.123737 0.143939 
0.079710 0.693237 0.060386 0.166667 
0.337696 0.227749 0.170157 0.264398 
0.149554 0.457589 0.140625 0.252232 
0.202439 0.485366 0.114634 0.197561 
0.595023 0.165158 0.070136 0.169683 
0.183511 0.561170 0.125000 0.130319 
0.197619 0.459524 0.092857 0.250000 
0.461353 0.132850 0.099034 0.306763 
0.116438 0.673516 0.079909 0.130137 
0.237981 0.074519 0.146635 0.540865 
0.516043 0.179144 0.152406 0.152406 
0.604701 0.108974 0.074786 0.211538 
0.568085 0.180851 0.057447 0.193617 
0.325980 0.463235 0.085784 0.125000 
0.386486 0.272973 0.197297 0.143243 
0.345771 0.256219 0.111940 0.286070 
0.471831 0.269953 0.157277 0.100939 
0.276961 0.384804 0.139706 0.198529 
0.329082 0.436224 0.130102 0.104592 
0.513100 0.259825 0.072052 0.155022 
0.206522 0.119565 0.197826 0.476087 
0.102823 0.114919 0.094758 0.687500 
0.122685 0.576389 0.122685 0.178241 
0.098558 0.598558 0.132212 0.170673 
0.373239 0.326291 0.063380 0.237089 
0.232143 0.543367 0.084184 0.140306 
0.579327 0.112981 0.156250 0.151442 
0.292453 0.097484 0.481132 0.128931 
0.388636 0.425000 0.079545 0.106818 
0.507143 0.278571 0.107143 0.107143 
0.126728 0.541475 0.126728 0.205069 
0.342233 0.128641 0.191748 0.337379 
0.321429 0.435714 0.092857 0.150000 
0.396635 0.358173 0.084135 0.161058 
0.185990 0.519324 0.103865 0.190821 
0.144231 0.092949 0.503205 0.259615 
0.265909 0.434091 0.079545 0.220455 
0.096983 0.640086 0.066810 0.196121 
0.382845 0.177824 0.073222 0.366109 
0.292735 0.480769 0.079060 0.147436 
0.093750 0.262019 0.137019 0.507212 
0.585526 0.133772 0.103070 0.177632 
0.210638 0.393617 0.159574 0.236170 
0.497664 0.179907 0.128505 0.193925 
0.136957 0.589130 0.080435 0.193478 
0.309302 0.393023 0.081395 0.216279 
0.261364 0.197727 0.120455 0.420455 
0.122845 0.635776 0.058190 0.183190 
0.301402 0.422897 0.081776 0.193925 
0.123832 0.628505 0.058411 0.189252 
0.121560 0.497706 0.112385 0.268349 
0.332386 0.207386 0.286932 0.173295 
0.612385 0.112385 0.094037 0.181193 
0.630734 0.126147 0.084862 0.158257 
0.083333 0.575581 0.063953 0.277132 
0.203349 0.523923 0.117225 0.155502 
0.264706 0.079186 0.088235 0.567873 
0.474026 0.231602 0.084416 0.209957 
0.285398 0.413717 0.134956 0.165929 
0.435714 0.283333 0.173810 0.107143 
0.238397 0.529536 0.069620 0.162447 
0.689573 0.087678 0.092417 0.130332 
0.107456 0.357456 0.076754 0.458333 
0.630233 0.151163 0.067442 0.151163 
0.592857 0.121429 0.130952 0.154762 
0.184444 0.517778 0.095556 0.202222 
0.198690 0.591703 0.085153 0.124454 
0.322967 0.155502 0.246411 0.275120 
0.620763 0.205508 0.061441 0.112288 
0.255556 0.166667 0.060000 0.517778 
0.165158 0.653846 0.074661 0.106335 
0.423554 0.398760 0.068182 0.109504 
0.302575 0.487124 0.109442 0.100858 
0.320961 0.491266 0.076419 0.111354 
0.100000 0.426829 0.090244 0.382927 
0.302239 0.190299 0.406716 0.100746 
0.289809 0.124204 0.480892 0.105096 
0.570000 0.110000 0.070000 0.250000 
0.243644 0.527542 0.057203 0.171610 
0.206250 0.543750 0.081250 0.168750 
0.414692 0.357820 0.116114 0.111374 
0.091981 0.577830 0.068396 0.261792 
0.146288 0.613537 0.089520 0.150655 
0.089015 0.142045 0.047348 0.721591 
0.229258 0.268559 0.115721 0.386463 
0.670455 0.088636 0.093182 0.147727 
0.503745 0.121723 0.076779 0.297753 
0.182731 0.592369 0.066265 0.158635 
0.090708 0.103982 0.099558 0.705752 
0.182018 0.620614 0.063596 0.133772 
0.280973 0.121681 0.068584 0.528761 
0.166667 0.289272 0.067050 0.477011 
0.149789 0.643460 0.073840 0.132911 
0.109195 0.373563 0.082375 0.434866 
0.605023 0.148402 0.143836 0.102740 
0.220930 0.611628 0.104651 0.062791 
0.519068 0.239407 0.052966 0.188559 
0.149510 0.541667 0.120098 0.188725 
0.192073 0.125000 0.478659 0.204268 
0.148536 0.612971 0.123431 0.115063 
0.049270 0.082117 0.052920 0.815693 
0.418552 0.210407 0.061086 0.309955 
0.229339 0.493802 0.105372 0.171488 
0.443798 0.083333 0.079457 0.393411 
0.156250 0.552083 0.077083 0.214583 
0.201172 0.576172 0.068359 0.154297 
0.282609 0.077075 0.120553 0.519763 
0.228111 0.195853 0.112903 0.463134 
0.127155 0.553879 0.075431 0.243534 
0.319742 0.414163 0.092275 0.173820 
0.278656 0.535573 0.061265 0.124506 
0.114130 0.230072 0.056159 0.599638 
0.188931 0.593511 0.051527 0.166031 
0.311715 0.520921 0.089958 0.077406 
0.386640 0.297571 0.139676 0.176113 
0.128571 0.308163 0.067347 0.495918 
0.472332 0.152174 0.065217 0.310277 
0.177481 0.219466 0.101145 0.501908 
0.053309 0.104779 0.060662 0.781250 
0.136957 0.597826 0.097826 0.167391 
0.073413 0.081349 0.073413 0.771825 
0.679283 0.129482 0.101594 0.089641 
0.220703 0.623047 0.052734 0.103516 
0.119369 0.299550 0.150901 0.430180 
0.326923 0.245726 0.121795 0.305556 
0.197674 0.416279 0.202326 0.183721 
0.202055 0.133562 0.517123 0.147260 
0.262605 0.468487 0.123950 0.144958 
0.174569 0.476293 0.153017 0.196121 
0.503460 0.153979 0.046713 0.295848 
0.083039 0.104240 0.065371 0.747350 
0.110902 0.479323 0.058271 0.351504 
0.164815 0.568519 0.061111 0.205556 
0.196356 0.556680 0.082996 0.163968 
0.151460 0.436131 0.052920 0.359489 
0.564583 0.139583 0.110417 0.185417 
0.154297 0.611328 0.060547 0.173828 
0.111336 0.670040 0.062753 0.155870 
0.147590 0.286145 0.472892 0.093373 
0.112705 0.182377 0.088115 0.616803 
0.435622 0.251073 0.122318 0.190987 
0.258170 0.094771 0.539216 0.107843 
0.146409 0.113260 0.582873 0.157459 
0.187500 0.523214 0.055357 0.233929 
0.049679 0.075321 0.065705 0.809295 
0.278182 0.252727 0.049091 0.420000 
0.642292 0.096838 0.120553 0.140316 
0.396552 0.300766 0.116858 0.185824 
0.131849 0.279110 0.046233 0.542808 
0.075000 0.571154 0.067308 0.286538 
0.632841 0.130996 0.046125 0.190037 
0.498016 0.259921 0.128968 0.113095 
0.207661 0.590726 0.086694 0.114919 
0.265244 0.088415 0.521341 0.125000 
0.057196 0.212177 0.071956 0.658672 
0.272222 0.464815 0.079630 0.183333 
0.154255 0.583333 0.062057 0.200355 
0.087031 0.561433 0.046075 0.305461 
0.179630 0.231481 0.061111 0.527778 
0.179842 0.531621 0.120553 0.167984 
0.356089 0.097786 0.064576 0.481550 
0.396853 0.215035 0.054196 0.333916 
0.110108 0.413357 0.045126 0.431408 
0.366525 0.362288 0.061441 0.209746 
0.120072 0.353047 0.080645 0.446237 
0.139405 0.555762 0.076208 0.228625 
0.207721 0.167279 0.053309 0.571691 
0.128159 0.442238 0.059567 0.370036 
0.111446 0.081325 0.557229 0.250000 
0.517974 0.181373 0.050654 0.250000 
0.654386 0.142105 0.114035 0.089474 
0.279197 0.096715 0.151460 0.472628 
0.136905 0.283730 0.160714 0.418651 
0.170863 0.595324 0.106115 0.127698 
0.128070 0.205263 0.054386 0.612281 
0.121154 0.709615 0.078846 0.090385 
0.231429 0.100000 0.591429 0.077143 
0.264259 0.138783 0.108365 0.488593 
0.158000 0.614000 0.102000 0.126000 
0.081439 0.600379 0.081439 0.236742 
0.560219 0.114964 0.166058 0.158759 
0.159459 0.191892 0.559459 0.089189 
0.075646 0.636531 0.075646 0.212177 
0.117100 0.667286 0.065056 0.150558 
0.288644 0.263407 0.067823 0.380126 
0.093870 0.641762 0.101533 0.162835 
0.115530 0.467803 0.089015 0.327652 
0.164032 0.610672 0.065217 0.160079 
0.120339 0.571186 0.045763 0.262712 
0.188172 0.639785 0.059140 0.112903 
0.090604 0.318792 0.486577 0.104027 
0.220539 0.062290 0.048822 0.668350 
0.256906 0.091160 0.555249 0.096685 
0.102612 0.695896 0.091418 0.110075 
0.121269 0.680970 0.091418 0.106343 
0.099424 0.312680 0.056196 0.531700 
0.300000 0.390909 0.092727 0.216364 
0.144951 0.197068 0.070033 0.587948 
0.136161 0.100446 0.475446 0.287946 
0.081597 0.272569 0.050347 0.595486 
0.615031 0.081288 0.059816 0.243865 
0.171986 0.657801 0.058511 0.111702 
0.101648 0.288462 0.497253 0.112637 
0.482456 0.180702 0.124561 0.212281 
0.414754 0.093443 0.063934 0.427869 
0.167925 0.311321 0.156604 0.364151 
0.131769 0.568592 0.110108 0.189531 
0.117100 0.113383 0.050186 0.719331 
0.586643 0.265343 0.074007 0.074007 
0.672945 0.066781 0.159247 0.101027 
0.346296 0.112963 0.090741 0.450000 
0.228618 0.495066 0.050987 0.225329 
0.172619 0.132937 0.061508 0.632937 
0.377323 0.091078 0.079926 0.451673 
0.174157 0.567416 0.114232 0.144195 
0.461938 0.205882 0.050173 0.282007 
0.511494 0.139847 0.159004 0.189655 
0.395548 0.159247 0.083904 0.361301 
0.385305 0.069892 0.077061 0.467742 
0.501534 0.081288 0.065951 0.351227 
0.180380 0.186709 0.477848 0.155063 
0.157197 0.085227 0.115530 0.642045 
0.062278 0.201068 0.087189 0.649466 
0.172131 0.372131 0.044262 0.411475 
0.402344 0.160156 0.277344 0.160156 
0.154952 0.065495 0.103834 0.675719 
0.107547 0.684906 0.100000 0.107547 
0.235786 0.115385 0.098662 0.550167 
0.160819 0.277778 0.447368 0.114035 
0.296791 0.072193 0.548128 0.082888 
0.519366 0.301056 0.093310 0.086268 
0.046218 0.088235 0.063025 0.802521 
0.093640 0.284452 0.090106 0.531802 
0.114726 0.601027 0.070205 0.214041 
0.223247 0.547970 0.142066 0.086716 
0.198276 0.106322 0.583333 0.112069 
0.125616 0.125616 0.583744 0.165025 
0.076087 0.442547 0.082298 0.399068 
0.078333 0.065000 0.045000 0.811667 
0.155822 0.515411 0.070205 0.258562 
0.481908 0.268092 0.067434 0.182566 
0.070533 0.120690 0.079937 0.728840 
0.260067 0.592282 0.058725 0.088926 
0.362876 0.182274 0.058528 0.396321 
0.339465 0.152174 0.045151 0.463211 
0.633212 0.093066 0.191606 0.082117 
0.083861 0.463608 0.074367 0.378165 
0.498333 0.055000 0.118333 0.328333 
0.189759 0.165663 0.490964 0.153614 
0.563869 0.271898 0.082117 0.082117 
0.332776 0.359532 0.071906 0.235786 
0.231481 0.114198 0.570988 0.083333 
0.343478 0.230435 0.195652 0.230435 
0.131016 0.189840 0.585561 0.093583 
0.053226 0.079032 0.075806 0.791935 
0.202564 0.182051 0.546154 0.069231 
0.303636 0.387273 0.129091 0.180000 
0.180851 0.509119 0.095745 0.214286 
0.123037 0.128272 0.552356 0.196335 
0.144022 0.214674 0.519022 0.122283 
0.066781 0.056507 0.083904 0.792808 
0.078680 0.093909 0.576142 0.251269 
0.276119 0.072139 0.574627 0.077114 
0.323370 0.122283 0.480978 0.073370 
0.222789 0.144558 0.147959 0.484694 
0.156250 0.360197 0.050987 0.432566 
0.521242 0.312092 0.080065 0.086601 
0.350153 0.175841 0.133028 0.340979 
0.105714 0.117143 0.402857 0.374286 
0.132302 0.620275 0.108247 0.139175 
0.267956 0.107735 0.505525 0.118785 
0.580189 0.111635 0.055031 0.253145 
0.588542 0.067708 0.109375 0.234375 
0.470497 0.131988 0.048137 0.349379 
0.234824 0.538339 0.055911 0.170927 
0.085209 0.374598 0.040193 0.500000 
0.486885 0.273770 0.054098 0.185246 
0.117188 0.091146 0.497396 0.294271 
0.127622 0.662587 0.092657 0.117133 
0.203216 0.501462 0.071637 0.223684 
0.655709 0.091696 0.136678 0.115917 
0.123476 0.647866 0.044207 0.184451 
0.612745 0.214052 0.099673 0.073529 
0.056452 0.062903 0.075806 0.804839 
0.102679 0.132440 0.040179 0.724702 
0.067434 0.215461 0.041118 0.675987 
0.808480 0.065789 0.039474 0.086257 
0.311224 0.219388 0.147959 0.321429 
0.149709 0.646802 0.062500 0.140988 
0.195502 0.579585 0.112457 0.112457 
0.259058 0.469203 0.092391 0.179348 
0.156250 0.137019 0.310096 0.396635 
0.348580 0.111987 0.105678 0.433754 
0.093668 0.127968 0.032982 0.745383 
0.093537 0.732993 0.079932 0.093537 
0.101485 0.245050 0.537129 0.116337 
0.634615 0.120629 0.117133 0.127622 
0.284539 0.284539 0.152961 0.277961 
0.146302 0.577170 0.075563 0.200965 
0.234300 0.123188 0.538647 0.103865 
0.103175 0.298942 0.478836 0.119048 
0.524922 0.306854 0.066978 0.101246 
0.156766 0.602310 0.061056 0.179868 
0.185000 0.578333 0.065000 0.171667 
0.303077 0.361538 0.093846 0.241538 
0.590136 0.134354 0.076531 0.198980 
0.116901 0.085915 0.049296 0.747887 
0.124204 0.353503 0.410828 0.111465 
0.145503 0.230159 0.537037 0.087302 
0.132883 0.173423 0.619369 0.074324 
0.306020 0.483278 0.095318 0.115385 
0.552215 0.083861 0.131329 0.232595 
0.234628 0.454693 0.111650 0.199029 
0.177233 0.482709 0.047550 0.292507 
0.261667 0.541667 0.068333 0.128333 
0.331832 0.409910 0.067568 0.190691 
0.139571 0.415644 0.081288 0.363497 
0.593056 0.112500 0.068056 0.226389 
0.329268 0.080488 0.514634 0.075610 
0.211905 0.088095 0.592857 0.107143 
0.414826 0.323344 0.140379 0.121451 
0.297583 0.297583 0.116314 0.288520 
0.181063 0.327243 0.081395 0.410299 
0.173423 0.087838 0.578829 0.159910 
0.288110 0.489329 0.114329 0.108232 
0.085761 0.684466 0.082524 0.147249 
0.082960 0.271300 0.553812 0.091928 
0.233471 0.072314 0.576446 0.117769 
0.046407 0.094311 0.040419 0.818862 
0.632565 0.113833 0.090778 0.162824 
0.164062 0.289062 0.060937 0.485938 
0.366352 0.196541 0.117925 0.319182 
0.338483 0.066011 0.054775 0.540730 
0.483232 0.330793 0.080793 0.105183 
0.065598 0.112245 0.062682 0.759475 
0.175466 0.520186 0.076087 0.228261 
0.192308 0.592308 0.063077 0.152308 
0.074822 0.181710 0.051069 0.692399 
0.072086 0.691718 0.093558 0.142638 
0.081288 0.657975 0.093558 0.167178 
0.241124 0.338757 0.060651 0.359467 
0.114865 0.218468 0.574324 0.092342 
0.118768 0.089443 0.045455 0.746334 
0.085774 0.119247 0.596234 0.198745 
0.203349 0.184211 0.523923 0.088517 
0.212446 0.109442 0.560086 0.118026 
0.153251 0.391641 0.134675 0.320433 
0.187805 0.104878 0.602439 0.104878 
0.158537 0.182927 0.534146 0.124390 
0.096847 0.231982 0.529279 0.141892 
0.227273 0.174641 0.485646 0.112440 
0.182464 0.101896 0.547393 0.168246 
0.163900 0.151452 0.570539 0.114108 
0.177130 0.172646 0.576233 0.073991 
0.077027 0.058108 0.039189 0.825676 
0.165205 0.536550 0.127193 0.171053 
0.109375 0.254261 0.063920 0.572443 
0.143519 0.609568 0.087963 0.158951 
0.568768 0.230659 0.073066 0.127507 
0.285061 0.242378 0.086890 0.385671 
0.660105 0.051181 0.048556 0.240157 
0.321221 0.446221 0.074128 0.158430 
0.520833 0.116987 0.177885 0.184295 
0.222917 0.147917 0.572917 0.056250 
0.561162 0.154434 0.087156 0.197248 
0.373950 0.396359 0.082633 0.147059 
0.697368 0.042398 0.074561 0.185673 
0.246411 0.112440 0.562201 0.078947 
0.045205 0.269863 0.045205 0.639726 
0.137982 0.502967 0.060831 0.298220 
0.152422 0.084046 0.049858 0.713675 
0.322335 0.109137 0.459391 0.109137 
0.281726 0.088832 0.555838 0.073604 
0.594225 0.174772 0.120061 0.110942 
0.406542 0.241433 0.110592 0.241433 
0.200980 0.374183 0.151961 0.272876 
0.128882 0.579193 0.063665 0.228261 
0.446835 0.163291 0.041772 0.348101 
0.144286 0.512857 0.124286 0.218571 
0.145740 0.100897 0.603139 0.150224 
0.335756 0.452035 0.114826 0.097384 
0.159919 0.078947 0.548583 0.212551 
0.272866 0.446646 0.102134 0.178354 
0.322222 0.217460 0.169841 0.290476 
0.084046 0.705128 0.069801 0.141026 
0.462240 0.157552 0.040365 0.339844 
0.142562 0.101240 0.564050 0.192149 
0.263761 0.126147 0.534404 0.075688 
0.056164 0.242466 0.058904 0.642466 
0.132035 0.101732 0.612554 0.153680 
0.288934 0.075820 0.567623 0.067623 
0.597594 0.183155 0.108289 0.110963 
0.200787 0.636483 0.040682 0.122047 
0.241870 0.091463 0.587398 0.079268 
0.219547 0.582153 0.103399 0.094901 
0.313299 0.308184 0.072890 0.305627 
0.219086 0.294355 0.079301 0.407258 
0.138767 0.235683 0.544053 0.081498 
0.078883 0.093447 0.032767 0.794903 
0.750681 0.053134 0.118529 0.077657 
0.143137 0.080392 0.558824 0.217647 
0.240991 0.105856 0.529279 0.123874 
0.699219 0.110677 0.050781 0.139323 
0.121277 0.125532 0.597872 0.155319 
0.263948 0.079399 0.568670 0.087983 
0.170487 0.477077 0.095989 0.256447 
0.210417 0.143750 0.556250 0.089583 
0.472222 0.302632 0.112573 0.112573 
0.267094 0.096154 0.561966 0.074786 
0.492775 0.241329 0.119942 0.145954 
0.140873 0.224206 0.549603 0.085317 
0.473134 0.261194 0.180597 0.085075 
0.123616 0.086716 0.533210 0.256458 
0.669533 0.082310 0.045455 0.202703 
0.089286 0.070055 0.064560 0.776099 
0.508310 0.342105 0.051247 0.098338 
0.119505 0.690934 0.083791 0.105769 
0.134361 0.143172 0.588106 0.134361 
0.148864 0.167045 0.039773 0.644318 
0.123798 0.265625 0.037260 0.573317 
0.189516 0.512097 0.041667 0.256720 
0.324940 0.082734 0.037170 0.555156 
0.263265 0.083673 0.569388 0.083673 
0.657895 0.101504 0.109023 0.131579 
0.297847 0.297847 0.051435 0.352871 
0.230620 0.079457 0.610465 0.079457 
0.271154 0.113462 0.551923 0.063462 
0.265086 0.144397 0.506466 0.084052 
0.139163 0.129310 0.052956 0.678571 
0.434140 0.165323 0.116935 0.283602 
0.166667 0.255556 0.517778 0.060000 
0.087786 0.197201 0.044529 0.670483 
0.501214 0.236650 0.061893 0.200243 
0.194656 0.405852 0.034351 0.365140 
0.203412 0.523622 0.059055 0.213911 
0.256044 0.071429 0.040659 0.631868 
0.243191 0.083658 0.589494 0.083658 
0.119919 0.111789 0.579268 0.189024 
0.174180 0.153689 0.579918 0.092213 
0.308858 0.073427 0.043124 0.574592 
0.216387 0.115546 0.573529 0.094538 
0.060547 0.080078 0.560547 0.298828 
0.193878 0.087755 0.618367 0.100000 
0.385468 0.358374 0.092365 0.163793 
0.165796 0.074413 0.131854 0.627937 
0.074297 0.106426 0.568273 0.251004 
0.244472 0.426290 0.072482 0.256757 
0.228093 0.328608 0.045103 0.398196 
0.076425 0.563472 0.097150 0.262953 
0.118545 0.048122 0.132629 0.700704 
0.262803 0.513477 0.090296 0.133423 
0.077381 0.101190 0.585317 0.236111 
0.102317 0.237452 0.588803 0.071429 
0.097917 0.256250 0.572917 0.072917 
0.148864 0.060227 0.039773 0.751136 
0.294199 0.498619 0.100829 0.106354 
0.433718 0.329971 0.085014 0.151297 
0.130189 0.209434 0.586792 0.073585 
0.082661 0.276210 0.566532 0.074597 
0.222973 0.119369 0.556306 0.101351 
0.398824 0.347059 0.062353 0.191765 
0.054667 0.500000 0.086667 0.358667 
0.125304 0.062044 0.083942 0.728710 
0.173522 0.183805 0.032134 0.610540 
0.168493 0.500000 0.127397 0.204110 
0.065217 0.274704 0.586957 0.073123 
0.226449 0.092391 0.320652 0.360507 
0.202670 0.100728 0.064320 0.632282 
0.173664 0.116412 0.612595 0.097328 
0.140464 0.493557 0.076031 0.289948 
0.113169 0.273663 0.532922 0.080247 
0.227833 0.607143 0.038177 0.126847 
0.334081 0.123318 0.455157 0.087444 
0.044153 0.125298 0.036993 0.793556 
0.527926 0.214096 0.136968 0.121011 
0.615079 0.162698 0.141534 0.080688 
0.183155 0.522727 0.116310 0.177807 
0.227833 0.092365 0.062808 0.616995 
0.503659 0.206098 0.145122 0.145122 
0.334524 0.086905 0.051190 0.527381 
0.295635 0.085317 0.565476 0.053571 
0.069030 0.072761 0.576493 0.281716 
0.242126 0.159449 0.529528 0.068898 
0.632353 0.121658 0.148396 0.097594 
0.390160 0.177346 0.060641 0.371854 
0.133562 0.343607 0.035388 0.487443 
0.318750 0.478750 0.038750 0.163750 
0.106884 0.179348 0.581522 0.132246 
0.090038 0.086207 0.576628 0.247126 
0.183712 0.134470 0.604167 0.077652 
0.270000 0.074000 0.594000 0.062000 
0.045882 0.231765 0.034118 0.688235 
0.066308 0.270609 0.586022 0.077061 
0.061659 0.072870 0.081839 0.783632 
0.117713 0.061659 0.036996 0.783632 
0.058140 0.094684 0.566445 0.280731 
0.206000 0.094000 0.610000 0.090000 
0.119485 0.090074 0.568015 0.222426 
0.070611 0.272901 0.589695 0.066794 
0.092213 0.305328 0.518443 0.084016 
0.163984 0.105634 0.027163 0.703219 
0.157828 0.561869 0.092172 0.188131 
0.128261 0.241304 0.502174 0.128261 
0.682013 0.103854 0.046039 0.168094 
0.166667 0.438931 0.125954 0.268448 
0.101023 0.512788 0.144501 0.241688 
0.271971 0.157957 0.062945 0.507126 
0.093972 0.210993 0.562057 0.132979 
0.081818 0.278182 0.580000 0.060000 
0.110503 0.526258 0.044858 0.318381 
0.186404 0.151316 0.546053 0.116228 
0.075406 0.274942 0.077726 0.571926 
0.136743 0.090814 0.049061 0.723382 
0.108621 0.208621 0.574138 0.108621 
0.150000 0.120370 0.550000 0.179630 
0.106000 0.246000 0.530000 0.118000 
0.082168 0.180070 0.624126 0.113636 
0.141584 0.070297 0.030693 0.757426 
0.225537 0.201671 0.056086 0.516706 
0.101145 0.162214 0.582061 0.154580 
0.083630 0.254448 0.610320 0.051601 
0.152015 0.067766 0.562271 0.217949 
0.089641 0.209163 0.523904 0.177291 
0.214286 0.136364 0.465368 0.183983 
0.582921 0.283416 0.085396 0.048267 
0.239486 0.094626 0.033879 0.632009 
0.051148 0.124217 0.038622 0.786013 
0.336207 0.359195 0.066092 0.238506 
0.088850 0.175958 0.614983 0.120209 
0.238007 0.075646 0.621771 0.064576 
0.079288 0.176375 0.603560 0.140777 
0.144366 0.627934 0.088028 0.139671 
0.332941 0.372941 0.076471 0.217647 
0.319954 0.496560 0.037844 0.145642 
0.062724 0.087814 0.578853 0.270609 
0.486079 0.226218 0.128770 0.158933 
0.116142 0.257874 0.505906 0.120079 
0.150000 0.227778 0.531481 0.090741 
0.248162 0.079044 0.590074 0.082721 
0.178201 0.060554 0.634948 0.126298 
0.049611 0.084630 0.045720 0.820039 
0.216507 0.534689 0.123206 0.125598 
0.258255 0.543632 0.067217 0.130896 
0.242481 0.099624 0.558271 0.099624 
0.072816 0.085761 0.567961 0.273463 
0.070144 0.188849 0.537770 0.203237 
0.516471 0.229412 0.156471 0.097647 
0.173004 0.100760 0.621673 0.104563 
0.120748 0.151361 0.590136 0.137755 
0.633758 0.124204 0.052017 0.190021 
0.322472 0.210112 0.052809 0.414607 
0.105682 0.669318 0.073864 0.151136 
0.081597 0.102431 0.581597 0.234375 
0.160072 0.106115 0.544964 0.188849 
0.133721 0.242248 0.540698 0.083333 
0.116071 0.381378 0.067602 0.434949 
0.113027 0.082375 0.542146 0.262452 
0.094720 0.113354 0.616460 0.175466 
0.088462 0.714103 0.114103 0.083333 
0.073668 0.101881 0.590909 0.233542 
0.500000 0.063410 0.046778 0.389813 
0.238024 0.064371 0.522455 0.175150 
0.052204 0.548724 0.087007 0.312065 
0.072477 0.081651 0.033945 0.811927 
0.607301 0.184735 0.118363 0.089602 
0.077358 0.175472 0.522642 0.224528 
0.479592 0.173469 0.214286 0.132653 
0.080952 0.068254 0.550794 0.300000 
0.087031 0.274744 0.564846 0.073379 
0.094595 0.214286 0.581081 0.110039 
0.186090 0.107143 0.584586 0.122180 
0.177817 0.100352 0.639085 0.082746 
0.077508 0.068389 0.575988 0.278116 
0.068389 0.183891 0.594225 0.153495 
0.237676 0.068662 0.607394 0.086268 
0.388776 0.152041 0.050000 0.409184 
0.112903 0.091398 0.650538 0.145161 
0.113718 0.254513 0.572202 0.059567 
0.041489 0.196809 0.062766 0.698936 
0.053114 0.302198 0.554945 0.089744 
0.139063 0.092188 0.592187 0.176563 
0.147727 0.548554 0.048554 0.255165 
0.272569 0.102431 0.564236 0.060764 
0.200201 0.626761 0.063380 0.109658 
0.138720 0.102134 0.605183 0.153963 
0.069138 0.301603 0.031062 0.598196 
0.803191 0.054255 0.077660 0.064894 
0.167659 0.655754 0.066468 0.110119 
0.160345 0.191379 0.598276 0.050000 
0.204637 0.055444 0.059476 0.680444 
0.232692 0.105769 0.578846 0.082692 
0.379433 0.280142 0.176123 0.164303 
0.442946 0.295643 0.075726 0.185685 
0.187307 0.078947 0.648607 0.085139 
0.098214 0.233929 0.598214 0.069643 
0.057453 0.135093 0.610248 0.197205 
0.215210 0.105178 0.610032 0.069579 
0.128165 0.150316 0.659810 0.061709 
0.246681 0.439159 0.087389 0.226770 
0.092018 0.650776 0.065410 0.191796 
0.140264 0.130363 0.618812 0.110561 
0.292332 0.068690 0.592652 0.046326 
0.302980 0.061258 0.567881 0.067881 
0.188447 0.076705 0.035038 0.699811 
0.081845 0.081845 0.617560 0.218750 
0.080756 0.249141 0.606529 0.063574 
0.259140 0.521505 0.046237 0.173118 
0.183871 0.418280 0.121505 0.276344 
0.260383 0.062300 0.611821 0.065495 
0.295098 0.150000 0.028431 0.526471 
0.245816 0.557531 0.099372 0.097280 
0.186007 0.100683 0.537543 0.175768 
0.026557 0.090659 0.054029 0.828755 
0.185374 0.059524 0.600340 0.154762 
0.484310 0.233264 0.063808 0.218619 
0.173958 0.528125 0.090625 0.207292 
0.128931 0.483229 0.072327 0.315514 
0.075758 0.153199 0.621212 0.149832 
0.042490 0.078063 0.054348 0.825099 
0.243289 0.085570 0.578859 0.092282 
0.180303 0.074242 0.595455 0.150000 
0.090764 0.199045 0.606688 0.103503 
0.135328 0.180912 0.554131 0.129630 
0.219078 0.548218 0.053459 0.179245 
0.051242 0.172360 0.647516 0.128882 
0.125000 0.179795 0.618151 0.077055 
0.283607 0.113115 0.552459 0.050820 
0.101824 0.120061 0.563830 0.214286 
0.260518 0.056634 0.622977 0.059871 
0.087302 0.071429 0.582540 0.258730 
0.115506 0.077532 0.618671 0.188291 
0.088333 0.081667 0.618333 0.211667 
0.080116 0.441120 0.037645 0.441120 
0.297893 0.345785 0.068008 0.288314 
0.043260 0.045272 0.057344 0.854125 
0.320598 0.071429 0.529900 0.078073 
0.228707 0.070978 0.626183 0.074132 
0.187708 0.094684 0.636213 0.081395 
0.097444 0.190096 0.599042 0.113419 
0.221667 0.101667 0.581667 0.095000 
0.251042 0.455208 0.073958 0.219792 
0.123264 0.269097 0.536458 0.071181 
0.255780 0.056358 0.596821 0.091040 
0.073614 0.217017 0.027725 0.681644 
0.257188 0.046326 0.541534 0.154952 
0.271104 0.092532 0.576299 0.060065 
0.106250 0.063393 0.061607 0.768750 
0.169980 0.561630 0.056660 0.211730 
0.119217 0.240214 0.535587 0.104982 
0.174121 0.107029 0.640575 0.078275 
0.106838 0.172365 0.608262 0.112536 
0.066102 0.286441 0.564407 0.083051 
0.105847 0.055444 0.077621 0.761089 
0.225424 0.120339 0.537288 0.116949 
0.179276 0.064145 0.560855 0.195724 
0.029204 0.059292 0.080531 0.830973 
0.280952 0.100000 0.579365 0.039683 
0.231392 0.124595 0.555016 0.088997 
0.078313 0.064544 0.033563 0.823580 
0.195455 0.107576 0.628788 0.068182 
0.142674 0.075835 0.553985 0.227506 
0.159306 0.083596 0.641956 0.115142 
0.093269 0.535577 0.050962 0.320192 
0.100000 0.233333 0.557143 0.109524 
0.178371 0.130618 0.594101 0.096910 
0.069355 0.308065 0.579032 0.043548 
0.088710 0.295161 0.575806 0.040323 
0.398507 0.064179 0.488060 0.049254 
0.076819 0.082210 0.605121 0.235849 
0.243711 0.080189 0.630503 0.045597 
0.155072 0.198551 0.598551 0.047826 
0.206271 0.057756 0.638614 0.097360 
0.077855 0.330450 0.510381 0.081315 
0.087644 0.116379 0.645115 0.150862 
0.092105 0.197368 0.609649 0.100877 
0.068598 0.108232 0.586890 0.236280 
0.121664 0.033752 0.041601 0.802983 
0.040171 0.255556 0.047009 0.657265 
0.065217 0.291304 0.586957 0.056522 
0.533272 0.274492 0.078558 0.113678 
0.319085 0.366799 0.104374 0.209742 
0.096284 0.096284 0.579392 0.228041 
0.298485 0.053030 0.589394 0.059091 
0.077273 0.137879 0.637879 0.146970 
0.258308 0.074018 0.599698 0.067976 
0.107372 0.280449 0.543269 0.068910 
0.174725 0.515385 0.115385 0.194505 
0.107353 0.166176 0.613235 0.113235 
0.139144 0.215596 0.594801 0.050459 
0.148115 0.085278 0.043986 0.722621 
0.141745 0.235202 0.571651 0.051402 
0.196573 0.603831 0.059476 0.140121 
0.076613 0.100806 0.651882 0.170699 
0.039084 0.157682 0.664420 0.138814 
0.104688 0.142187 0.614062 0.139063 
0.464545 0.133636 0.048182 0.353636 
0.386486 0.076577 0.022523 0.514414 
0.117363 0.268489 0.535370 0.078778 
0.054734 0.273669 0.569527 0.102071 
0.120991 0.129738 0.596210 0.153061 
0.331897 0.073276 0.558908 0.035920 
0.086690 0.067426 0.042907 0.802977 
0.086158 0.080508 0.557910 0.275424 
0.238318 0.107477 0.577882 0.076324 
0.266779 0.119128 0.545302 0.068792 
0.177198 0.193681 0.589286 0.039835 
0.219626 0.098131 0.612150 0.070093 
0.194370 0.044236 0.642091 0.119303 
0.083578 0.241935 0.590909 0.083578 
0.142157 0.227124 0.547386 0.083333 
0.219274 0.062849 0.646648 0.071229 
0.269231 0.142140 0.503344 0.085284 
0.202065 0.128319 0.588496 0.081121 
0.219864 0.423599 0.028014 0.328523 
0.050272 0.164402 0.650815 0.134511 
0.072704 0.113520 0.552296 0.261480 
0.291086 0.076602 0.589136 0.043175 
0.121585 0.118852 0.668033 0.091530 
0.247851 0.061605 0.600287 0.090258 
0.289474 0.048476 0.594183 0.067867 
0.207463 0.088060 0.607463 0.097015 
0.060563 0.277465 0.598592 0.063380 
0.071865 0.218654 0.594801 0.114679 
0.672676 0.114801 0.145161 0.067362 
0.203652 0.066011 0.619382 0.110955 
0.520408 0.102968 0.056586 0.320037 
0.098718 0.091026 0.634615 0.175641 
0.094366 0.080282 0.587324 0.238028 
0.065217 0.057545 0.597187 0.280051 
0.384393 0.311175 0.099229 0.205202 
0.362355 0.062189 0.047264 0.528192 
0.375686 0.373857 0.101463 0.148995 
0.260563 0.063380 0.621127 0.054930 
0.142674 0.111825 0.649100 0.096401 
0.149860 0.197479 0.584034 0.068627 
0.062155 0.233425 0.628453 0.075967 
0.183473 0.088235 0.637255 0.091036 
0.102339 0.078947 0.026316 0.792398 
0.059633 0.270642 0.579511 0.090214 
0.252066 0.081267 0.621212 0.045455 
0.094311 0.273952 0.585329 0.046407 
0.280415 0.072700 0.583086 0.063798 
0.424576 0.404237 0.058475 0.112712 
0.322443 0.061080 0.569602 0.046875 
0.289409 0.050493 0.609606 0.050493 
0.065789 0.079825 0.106140 0.748246 
0.655779 0.104690 0.037688 0.201843 
0.101770 0.652212 0.147788 0.098230 
0.228097 0.074018 0.611782 0.086103 
0.073407 0.078947 0.635734 0.211911 
0.430458 0.257923 0.060739 0.250880 
0.433979 0.287852 0.057218 0.220951 
0.193694 0.109610 0.569069 0.127628 
0.057333 0.044000 0.582667 0.316000 
0.070809 0.270231 0.576590 0.082370 
0.073265 0.057841 0.597686 0.271208 
0.077259 0.173469 0.578717 0.170554 
0.289313 0.049618 0.034351 0.626718 
0.069014 0.094366 0.573239 0.263380 
0.058735 0.299699 0.570783 0.070783 
0.082878 0.261384 0.044627 0.611111 
0.140580 0.094203 0.618841 0.146377 
0.090164 0.267213 0.565574 0.077049 
0.209064 0.097953 0.586257 0.106725 
0.105898 0.092493 0.631367 0.170241 
0.112308 0.275385 0.549231 0.063077 
0.067282 0.151715 0.650396 0.130607 
0.044474 0.327493 0.578167 0.049865 
0.064987 0.218833 0.659151 0.057029 
0.726399 0.062063 0.109266 0.102273 
0.126330 0.075798 0.605053 0.192819 
0.174745 0.128827 0.582908 0.113520 
0.096154 0.160256 0.611538 0.132051 
0.247826 0.082609 0.598551 0.071014 
0.231092 0.077031 0.642857 0.049020 
0.086601 0.165033 0.566993 0.181373 
0.269912 0.116519 0.550147 0.063422 
0.087131 0.065684 0.623324 0.223861 
0.350258 0.384682 0.067986 0.197074 
0.089706 0.213235 0.598529 0.098529 
0.063686 0.120596 0.621951 0.193767 
0.203652 0.108146 0.616573 0.071629 
0.052030 0.133249 0.640863 0.173858 
0.062500 0.062500 0.636968 0.238032 
0.066572 0.134561 0.582153 0.216714 
0.183862 0.078042 0.654762 0.083333 
0.185237 0.118384 0.605850 0.090529 
0.091570 0.265988 0.600291 0.042151 
0.131124 0.131124 0.638329 0.099424 
0.218750 0.066576 0.585598 0.129076 
0.261299 0.080508 0.597458 0.060734 
0.105459 0.142680 0.606700 0.145161 
0.128895 0.060907 0.616147 0.194051 
0.143750 0.184821 0.116964 0.554464 
0.157035 0.126884 0.584171 0.131910 
0.112813 0.162953 0.611421 0.112813 
0.411243 0.066075 0.158777 0.363905 
0.091241 0.118005 0.638686 0.152068 
0.265499 0.101078 0.583558 0.049865 
0.231903 0.100536 0.620643 0.046917 
0.139098 0.397243 0.382206 0.081454 
0.229167 0.073611 0.593056 0.104167 
0.340731 0.048303 0.570496 0.040470 
0.078883 0.103155 0.627427 0.190534 
0.075071 0.256374 0.621813 0.046742 
0.333791 0.111264 0.482143 0.072802 
0.269231 0.078348 0.568376 0.084046 
0.672222 0.140476 0.032540 0.154762 
0.085526 0.253947 0.588158 0.072368 
0.248698 0.048177 0.654948 0.048177 
0.263085 0.084022 0.596419 0.056474 
0.161842 0.051316 0.611842 0.175000 
0.087366 0.143817 0.630376 0.138441 
0.475000 0.092241 0.050862 0.381897 
0.076602 0.268802 0.583565 0.071031 
0.054714 0.182660 0.044613 0.718013 
0.115079 0.191799 0.630952 0.062169 
0.080381 0.194823 0.619891 0.104905 
0.071059 0.257106 0.608527 0.063307 
0.218157 0.060976 0.578591 0.142276 
0.229443 0.075597 0.635279 0.059682 
0.413077 0.046923 0.040769 0.499231 
0.097594 0.268717 0.549465 0.084225 
0.259036 0.505164 0.081756 0.154045 
0.094101 0.271067 0.532303 0.102528 
0.303324 0.051247 0.596953 0.048476 
0.231092 0.054622 0.640056 0.074230 
0.119737 0.209211 0.614474 0.056579 
0.167969 0.082031 0.649740 0.100260 
0.113569 0.148968 0.635693 0.101770 
0.669702 0.123344 0.058775 0.148179 
0.369845 0.047680 0.516753 0.065722 
0.234223 0.061893 0.625000 0.078883 
0.061039 0.170130 0.590909 0.177922 
0.201408 0.164789 0.570423 0.063380 
0.184921 0.224603 0.037302 0.553175 
0.057457 0.253056 0.602689 0.086797 
0.155647 0.086777 0.552342 0.205234 
0.073566 0.220698 0.622195 0.083541 
0.105932 0.221751 0.605932 0.066384 
0.289835 0.092033 0.567308 0.050824 
0.276623 0.053247 0.603896 0.066234 
0.386923 0.065385 0.054615 0.493077 
0.139368 0.053161 0.602011 0.205460 
0.055108 0.245968 0.600806 0.098118 
0.149493 0.683277 0.056588 0.110642 
0.236709 0.072152 0.629114 0.062025 
0.290365 0.061198 0.579427 0.069010 
0.223514 0.086563 0.616279 0.073643 
0.729278 0.050134 0.024733 0.195856 
0.141910 0.091512 0.629973 0.136605 
0.184814 0.127507 0.611748 0.075931 
0.233002 0.634328 0.038972 0.093698 
0.039379 0.046539 0.593079 0.321002 
0.039379 0.046539 0.595465 0.318616 
0.254522 0.071059 0.608527 0.065891 
0.076060 0.103491 0.582294 0.238155 
0.359038 0.088723 0.022388 0.529851 
0.255396 0.104317 0.571942 0.068345 
0.164962 0.159847 0.620205 0.054987 
