0.367470 0.271084 0.210843 0.150602 
0.166667 0.488506 0.166667 0.178161 
0.283133 0.307229 0.210843 0.198795 
0.335227 0.198864 0.312500 0.153409 
0.304598 0.293103 0.224138 0.178161 
0.177885 0.187500 0.514423 0.120192 
0.467033 0.148352 0.203297 0.181319 
0.232673 0.331683 0.301980 0.133663 
0.263441 0.413978 0.166667 0.155914 
0.481982 0.202703 0.202703 0.112613 
0.432773 0.256303 0.197479 0.113445 
0.361386 0.173267 0.311881 0.153465 
0.491453 0.183761 0.192308 0.132479 
0.186869 0.510101 0.166667 0.136364 
0.136364 0.557851 0.128099 0.177686 
0.200935 0.154206 0.481308 0.163551 
0.525210 0.155462 0.214286 0.105042 
0.219828 0.142241 0.530172 0.107759 
0.202703 0.256757 0.418919 0.121622 
0.308696 0.230435 0.343478 0.117391 
0.282407 0.125000 0.467593 0.125000 
0.191964 0.200893 0.468750 0.138393 
0.192308 0.465812 0.217949 0.123932 
0.176724 0.193966 0.512931 0.116379 
0.245098 0.245098 0.245098 0.264706 
0.245098 0.245098 0.245098 0.264706 
0.315126 0.256303 0.289916 0.138655 
0.129167 0.562500 0.162500 0.145833 
0.120833 0.570833 0.154167 0.154167 
0.264706 0.231092 0.373950 0.130252 
0.417355 0.252066 0.219008 0.111570 
0.252137 0.337607 0.277778 0.132479 
0.366379 0.193966 0.314655 0.125000 
0.160870 0.134783 0.517391 0.186957 
0.339695 0.125954 0.438931 0.095420 
0.477444 0.184211 0.236842 0.101504 
0.233607 0.282787 0.307377 0.176230 
0.280488 0.142276 0.418699 0.158537 
0.198630 0.198630 0.349315 0.253425 
0.202381 0.210317 0.472222 0.115079 
0.176230 0.159836 0.528689 0.135246 
0.508547 0.123932 0.200855 0.166667 
0.251825 0.208029 0.448905 0.091241 
0.573077 0.196154 0.119231 0.111538 
0.619231 0.111538 0.126923 0.142308 
0.461240 0.213178 0.220930 0.104651 
0.596154 0.157692 0.103846 0.142308 
0.253788 0.420455 0.200758 0.125000 
0.250000 0.429104 0.182836 0.138060 
0.213768 0.163043 0.503623 0.119565 
0.194079 0.351974 0.351974 0.101974 
0.210714 0.353571 0.339286 0.096429 
0.287402 0.248031 0.350394 0.114173 
0.334646 0.232283 0.326772 0.106299 
0.380435 0.112319 0.380435 0.126812 
0.178832 0.295620 0.368613 0.156934 
0.238971 0.253676 0.408088 0.099265 
0.453488 0.205426 0.205426 0.135659 
0.328947 0.267544 0.214912 0.188596 
0.199275 0.278986 0.394928 0.126812 
0.200787 0.169291 0.515748 0.114173 
0.203333 0.550000 0.150000 0.096667 
0.122378 0.646853 0.143357 0.087413 
0.348000 0.180000 0.292000 0.180000 
0.310714 0.410714 0.146429 0.132143 
0.213768 0.257246 0.315217 0.213768 
0.157718 0.640940 0.090604 0.110738 
0.246324 0.400735 0.246324 0.106618 
0.251773 0.173759 0.478723 0.095745 
0.268707 0.153061 0.459184 0.119048 
0.131410 0.644231 0.125000 0.099359 
0.253676 0.128676 0.525735 0.091912 
0.258621 0.224138 0.368966 0.148276 
0.182119 0.519868 0.122517 0.175497 
0.380795 0.334437 0.129139 0.155629 
0.101852 0.558642 0.237654 0.101852 
0.515038 0.116541 0.161654 0.206767 
0.321192 0.109272 0.480132 0.089404 
0.383212 0.120438 0.332117 0.164234 
0.176667 0.256667 0.463333 0.103333 
0.628289 0.115132 0.154605 0.101974 
0.171569 0.181373 0.200980 0.446078 
0.195364 0.221854 0.466887 0.115894 
0.145522 0.220149 0.518657 0.115672 
0.197581 0.157258 0.479839 0.165323 
0.471774 0.116935 0.189516 0.221774 
0.180851 0.606383 0.117021 0.095745 
0.223404 0.216312 0.421986 0.138298 
0.232919 0.139752 0.524845 0.102484 
0.362069 0.155172 0.375862 0.106897 
0.253472 0.149306 0.489583 0.107639 
0.511976 0.206587 0.176647 0.104790 
0.187861 0.199422 0.511561 0.101156 
0.321192 0.440397 0.135762 0.102649 
0.113793 0.224138 0.493103 0.168966 
0.232026 0.264706 0.401961 0.101307 
0.164336 0.150350 0.569930 0.115385 
0.185811 0.138514 0.564189 0.111486 
0.136364 0.164336 0.590909 0.108392 
0.157051 0.221154 0.509615 0.112179 
0.246875 0.109375 0.565625 0.078125 
0.543333 0.096667 0.156667 0.203333 
0.135838 0.621387 0.158960 0.083815 
0.197842 0.233813 0.384892 0.183453 
0.157343 0.192308 0.513986 0.136364 
0.373529 0.338235 0.202941 0.085294 
0.589655 0.127586 0.148276 0.134483 
0.391975 0.151235 0.324074 0.132716 
0.171875 0.203125 0.546875 0.078125 
0.164516 0.158065 0.590323 0.087097 
0.514368 0.261494 0.123563 0.100575 
0.359589 0.202055 0.236301 0.202055 
0.267241 0.135057 0.525862 0.071839 
0.432886 0.117450 0.359060 0.090604 
0.228155 0.121359 0.257282 0.393204 
0.186111 0.486111 0.247222 0.080556 
0.171687 0.262048 0.478916 0.087349 
0.683432 0.139053 0.097633 0.079882 
0.410494 0.293210 0.194444 0.101852 
0.144295 0.540268 0.151007 0.164430 
0.155629 0.155629 0.579470 0.109272 
0.388199 0.139752 0.381988 0.090062 
0.266082 0.096491 0.564327 0.073099 
0.183871 0.151613 0.500000 0.164516 
0.171512 0.235465 0.508721 0.084302 
0.154891 0.198370 0.573370 0.073370 
0.500000 0.174286 0.237143 0.088571 
0.720859 0.088957 0.113497 0.076687 
0.270950 0.388268 0.270950 0.069832 
0.195783 0.243976 0.442771 0.117470 
0.387195 0.118902 0.393293 0.100610 
0.108187 0.552632 0.236842 0.102339 
0.159639 0.611446 0.117470 0.111446 
0.190058 0.114035 0.605263 0.090643 
0.130814 0.264535 0.520349 0.084302 
0.443333 0.116667 0.336667 0.103333 
0.206395 0.462209 0.247093 0.084302 
0.206250 0.343750 0.268750 0.181250 
0.173529 0.502941 0.244118 0.079412 
0.523392 0.178363 0.172515 0.125731 
0.262346 0.145062 0.503086 0.089506 
0.157051 0.125000 0.599359 0.118590 
0.471875 0.215625 0.146875 0.165625 
0.380000 0.202857 0.282857 0.134286 
0.329016 0.178756 0.422280 0.069948 
0.174033 0.472376 0.256906 0.096685 
0.169271 0.575521 0.184896 0.070312 
0.168639 0.245562 0.464497 0.121302 
0.130542 0.534483 0.253695 0.081281 
0.151235 0.188272 0.564815 0.095679 
0.316901 0.298122 0.326291 0.058685 
0.289474 0.137427 0.464912 0.108187 
0.359043 0.236702 0.332447 0.071809 
0.328652 0.132022 0.441011 0.098315 
0.226776 0.166667 0.510929 0.095628 
0.152174 0.582126 0.200483 0.065217 
0.437173 0.212042 0.253927 0.096859 
0.570122 0.118902 0.137195 0.173780 
0.135057 0.146552 0.623563 0.094828 
0.383598 0.267196 0.219577 0.129630 
0.192529 0.227011 0.433908 0.146552 
0.162234 0.577128 0.162234 0.098404 
0.243671 0.129747 0.465190 0.161392 
0.145604 0.425824 0.354396 0.074176 
0.660112 0.143258 0.115169 0.081461 
0.272973 0.521622 0.121622 0.083784 
0.133508 0.630890 0.133508 0.102094 
0.250000 0.564159 0.126106 0.059735 
0.645604 0.090659 0.129121 0.134615 
0.188525 0.494536 0.215847 0.101093 
0.474719 0.160112 0.233146 0.132022 
0.189840 0.157754 0.537433 0.114973 
0.208995 0.119048 0.600529 0.071429 
0.198225 0.121302 0.559172 0.121302 
0.213514 0.100000 0.597297 0.089189 
0.171196 0.144022 0.529891 0.154891 
0.195906 0.149123 0.523392 0.131579 
0.083756 0.738579 0.114213 0.063452 
0.244382 0.126404 0.553371 0.075843 
0.145833 0.187500 0.204167 0.462500 
0.155814 0.523256 0.234884 0.086047 
0.242347 0.211735 0.471939 0.073980 
0.116477 0.144886 0.656250 0.082386 
0.130332 0.694313 0.082938 0.092417 
0.154040 0.593434 0.159091 0.093434 
0.573232 0.143939 0.214646 0.068182 
0.562176 0.209845 0.126943 0.101036 
0.146409 0.168508 0.593923 0.091160 
0.071429 0.633005 0.229064 0.066502 
0.123116 0.650754 0.158291 0.067839 
0.448370 0.236413 0.209239 0.105978 
0.141089 0.304455 0.482673 0.071782 
0.096535 0.586634 0.230198 0.086634 
0.260976 0.148780 0.524390 0.065854 
0.126866 0.191542 0.614428 0.067164 
0.626289 0.105670 0.172680 0.095361 
0.185864 0.217277 0.520942 0.075916 
0.089041 0.641553 0.171233 0.098174 
0.096698 0.733491 0.101415 0.068396 
0.195055 0.173077 0.486264 0.145604 
0.470149 0.236318 0.141791 0.151741 
0.123188 0.118357 0.635266 0.123188 
0.159898 0.139594 0.535533 0.164975 
0.125641 0.197436 0.597436 0.079487 
0.128505 0.469626 0.338785 0.063084 
0.327586 0.110837 0.470443 0.091133 
0.090244 0.563415 0.241463 0.104878 
0.072052 0.775109 0.089520 0.063319 
0.546875 0.176339 0.194196 0.082589 
0.201493 0.569652 0.151741 0.077114 
0.408824 0.185294 0.273529 0.132353 
0.103365 0.170673 0.646635 0.079327 
0.191038 0.186321 0.554245 0.068396 
0.507812 0.174479 0.236979 0.080729 
0.230942 0.517937 0.186099 0.065022 
0.201389 0.224537 0.516204 0.057870 
0.285340 0.280105 0.264398 0.170157 
0.154412 0.286765 0.497549 0.061275 
0.264103 0.100000 0.571795 0.064103 
0.405612 0.130102 0.380102 0.084184 
0.315657 0.128788 0.431818 0.123737 
0.089372 0.157005 0.688406 0.065217 
0.269634 0.280105 0.280105 0.170157 
0.154018 0.212054 0.484375 0.149554 
0.231707 0.168293 0.475610 0.124390 
0.599548 0.178733 0.156109 0.065611 
0.162234 0.135638 0.587766 0.114362 
0.254762 0.273810 0.383333 0.088095 
0.466184 0.258454 0.176329 0.099034 
0.121005 0.143836 0.655251 0.079909 
0.242788 0.507212 0.108173 0.141827 
0.516043 0.120321 0.205882 0.157754 
0.617521 0.194444 0.113248 0.074786 
0.542553 0.202128 0.197872 0.057447 
0.301471 0.149510 0.463235 0.085784 
0.381081 0.154054 0.272973 0.191892 
0.286070 0.305970 0.296020 0.111940 
0.462441 0.105634 0.269953 0.161972 
0.316176 0.208333 0.321078 0.154412 
0.339286 0.109694 0.426020 0.125000 
0.530568 0.128821 0.268559 0.072052 
0.236957 0.445652 0.115217 0.202174 
0.094758 0.687500 0.131048 0.086694 
0.122685 0.229167 0.520833 0.127315 
0.088942 0.141827 0.637019 0.132212 
0.387324 0.269953 0.284038 0.058685 
0.216837 0.125000 0.573980 0.084184 
0.598558 0.127404 0.117788 0.156250 
0.286184 0.134868 0.101974 0.476974 
0.402273 0.102273 0.415909 0.079545 
0.516667 0.116667 0.259524 0.107143 
0.131336 0.168203 0.573733 0.126728 
0.322816 0.337379 0.138350 0.201456 
0.316667 0.130952 0.454762 0.097619 
0.439904 0.209135 0.271635 0.079327 
0.190821 0.181159 0.528986 0.099034 
0.144295 0.271812 0.090604 0.493289 
0.270455 0.188636 0.456818 0.084091 
0.114224 0.153017 0.674569 0.058190 
0.370293 0.378661 0.186192 0.064854 
0.309829 0.117521 0.489316 0.083333 
0.088942 0.473558 0.305288 0.132212 
0.537281 0.212719 0.129386 0.120614 
0.197872 0.257447 0.385106 0.159574 
0.469626 0.193925 0.207944 0.128505 
0.145652 0.150000 0.619565 0.084783 
0.332558 0.248837 0.332558 0.086047 
0.247727 0.470455 0.170455 0.111364 
0.092672 0.161638 0.683190 0.062500 
0.348131 0.193925 0.380841 0.077103 
0.100467 0.189252 0.651869 0.058411 
0.121560 0.282110 0.479358 0.116972 
0.332386 0.178977 0.201705 0.286932 
0.607798 0.116972 0.190367 0.084862 
0.612385 0.139908 0.158257 0.089450 
0.079457 0.242248 0.614341 0.063953 
0.270335 0.150718 0.461722 0.117225 
0.237557 0.558824 0.115385 0.088235 
0.461039 0.188312 0.261905 0.088745 
0.263274 0.170354 0.422566 0.143805 
0.378571 0.097619 0.345238 0.178571 
0.229958 0.149789 0.554852 0.065401 
0.661137 0.158768 0.087678 0.092417 
0.111842 0.449561 0.366228 0.072368 
0.606977 0.183721 0.141860 0.067442 
0.635714 0.126190 0.111905 0.126190 
0.233333 0.180000 0.486667 0.100000 
0.203057 0.155022 0.561135 0.080786 
0.327751 0.260766 0.174641 0.236842 
0.612288 0.125000 0.201271 0.061441 
0.215556 0.597778 0.122222 0.064444 
0.165158 0.147059 0.608597 0.079186 
0.411157 0.134298 0.394628 0.059917 
0.328326 0.096567 0.457082 0.118026 
0.329694 0.146288 0.447598 0.076419 
0.143902 0.339024 0.421951 0.095122 
0.255906 0.129921 0.192913 0.421260 
0.316667 0.136667 0.103333 0.443333 
0.618000 0.226000 0.086000 0.070000 
0.239407 0.167373 0.527542 0.065678 
0.160417 0.214583 0.552083 0.072917 
0.424171 0.111374 0.357820 0.106635 
0.101415 0.219340 0.606132 0.073113 
0.141921 0.194323 0.569869 0.093886 
0.085227 0.706439 0.157197 0.051136 
0.229258 0.399563 0.255459 0.115721 
0.661364 0.152273 0.093182 0.093182 
0.477528 0.361423 0.080524 0.080524 
0.206827 0.126506 0.600402 0.066265 
0.112832 0.679204 0.108407 0.099558 
0.177632 0.164474 0.589912 0.067982 
0.254425 0.568584 0.108407 0.068584 
0.174330 0.526820 0.231801 0.067050 
0.128692 0.145570 0.651899 0.073840 
0.109195 0.480843 0.335249 0.074713 
0.600457 0.116438 0.139269 0.143836 
0.193023 0.076744 0.634884 0.095349 
0.514831 0.158898 0.273305 0.052966 
0.174020 0.183824 0.526961 0.115196 
0.257962 0.156051 0.124204 0.461783 
0.148536 0.119247 0.604603 0.127615 
0.060219 0.808394 0.078467 0.052920 
0.468326 0.314480 0.160633 0.056561 
0.225207 0.208678 0.460744 0.105372 
0.436047 0.408915 0.071705 0.083333 
0.177083 0.227083 0.522917 0.072917 
0.232422 0.185547 0.517578 0.064453 
0.349802 0.460474 0.073123 0.116601 
0.228111 0.458525 0.200461 0.112903 
0.187500 0.234914 0.493534 0.084052 
0.251073 0.195279 0.461373 0.092275 
0.294466 0.112648 0.531621 0.061265 
0.074275 0.592391 0.269928 0.063406 
0.150763 0.169847 0.627863 0.051527 
0.265690 0.094142 0.546025 0.094142 
0.350202 0.216599 0.293522 0.139676 
0.153061 0.410204 0.369388 0.067347 
0.519763 0.290514 0.124506 0.065217 
0.166031 0.513359 0.211832 0.108779 
0.071691 0.803309 0.064338 0.060662 
0.189130 0.115217 0.602174 0.093478 
0.081349 0.751984 0.097222 0.069444 
0.683267 0.081673 0.133466 0.101594 
0.181641 0.095703 0.669922 0.052734 
0.137387 0.439189 0.277027 0.146396 
0.352564 0.326923 0.215812 0.104701 
0.258140 0.179070 0.374419 0.188372 
0.262590 0.154676 0.104317 0.478417 
0.296218 0.119748 0.472689 0.111345 
0.183190 0.230603 0.441810 0.144397 
0.493080 0.326990 0.133218 0.046713 
0.079505 0.747350 0.104240 0.068905 
0.137218 0.340226 0.464286 0.058271 
0.153704 0.283333 0.501852 0.061111 
0.236842 0.131579 0.520243 0.111336 
0.133212 0.352190 0.461679 0.052920 
0.497917 0.235417 0.156250 0.110417 
0.181641 0.142578 0.615234 0.060547 
0.151822 0.159919 0.621457 0.066802 
0.165663 0.075301 0.274096 0.484940 
0.112705 0.604508 0.194672 0.088115 
0.430804 0.198661 0.279018 0.091518 
0.270548 0.092466 0.113014 0.523973 
0.204023 0.163793 0.083333 0.548851 
0.194643 0.183929 0.558929 0.062500 
0.059295 0.786859 0.084936 0.068910 
0.230909 0.438182 0.281818 0.049091 
0.658103 0.120553 0.108696 0.112648 
0.411877 0.147510 0.323755 0.116858 
0.104452 0.522260 0.327055 0.046233 
0.105769 0.263462 0.563462 0.067308 
0.588561 0.182657 0.182657 0.046125 
0.474206 0.125000 0.279762 0.121032 
0.203629 0.139113 0.574597 0.082661 
0.257962 0.136943 0.105096 0.500000 
0.064576 0.599631 0.260148 0.075646 
0.224074 0.198148 0.498148 0.079630 
0.147163 0.182624 0.597518 0.072695 
0.121160 0.284983 0.547782 0.046075 
0.157407 0.579630 0.205556 0.057407 
0.156126 0.136364 0.590909 0.116601 
0.392989 0.448339 0.090406 0.068266 
0.340909 0.270979 0.330420 0.057692 
0.095668 0.409747 0.449458 0.045126 
0.341102 0.226695 0.366525 0.065678 
0.127240 0.467742 0.317204 0.087814 
0.165428 0.202602 0.548327 0.083643 
0.137868 0.575368 0.233456 0.053309 
0.120939 0.351986 0.474729 0.052347 
0.110063 0.242138 0.110063 0.537736 
0.531046 0.223856 0.194444 0.050654 
0.636842 0.117544 0.124561 0.121053 
0.253650 0.509124 0.082117 0.155109 
0.128968 0.382937 0.347222 0.140873 
0.178058 0.134892 0.577338 0.109712 
0.135088 0.650877 0.166667 0.047368 
0.144231 0.109615 0.675000 0.071154 
0.223214 0.080357 0.104167 0.592262 
0.241445 0.450570 0.192015 0.115970 
0.130000 0.150000 0.622000 0.098000 
0.073864 0.248106 0.604167 0.073864 
0.534672 0.155109 0.140511 0.169708 
0.143258 0.098315 0.182584 0.575843 
0.097786 0.171587 0.654982 0.075646 
0.083643 0.176580 0.674721 0.065056 
0.282334 0.351735 0.294953 0.070978 
0.107422 0.150391 0.681641 0.060547 
0.115530 0.308712 0.486742 0.089015 
0.187747 0.179842 0.563241 0.069170 
0.086441 0.316949 0.554237 0.042373 
0.184588 0.120072 0.636201 0.059140 
0.116197 0.130282 0.306338 0.447183 
0.200337 0.671717 0.079125 0.048822 
0.295977 0.089080 0.083333 0.531609 
0.136194 0.125000 0.647388 0.091418 
0.110075 0.136194 0.662313 0.091418 
0.067723 0.502882 0.373199 0.056196 
0.270909 0.281818 0.350909 0.096364 
0.102606 0.630293 0.206840 0.060261 
0.140553 0.306452 0.112903 0.440092 
0.043403 0.671875 0.241319 0.043403 
0.648773 0.222393 0.072086 0.056748 
0.207447 0.143617 0.593972 0.054965 
0.101648 0.112637 0.277473 0.508242 
0.472628 0.180657 0.228102 0.118613 
0.421311 0.418033 0.100000 0.060656 
0.183019 0.345283 0.311321 0.160377 
0.124549 0.160650 0.601083 0.113718 
0.105948 0.737918 0.105948 0.050186 
0.496390 0.081227 0.341155 0.081227 
0.639655 0.136207 0.074138 0.150000 
0.353704 0.475926 0.090741 0.079630 
0.228618 0.248355 0.465461 0.057566 
0.200397 0.581349 0.156746 0.061508 
0.388476 0.444238 0.087361 0.079926 
0.192884 0.132959 0.548689 0.125468 
0.475779 0.282007 0.185121 0.057093 
0.540698 0.153101 0.137597 0.168605 
0.392123 0.405822 0.121575 0.080479 
0.385305 0.467742 0.073477 0.073477 
0.470859 0.378834 0.081288 0.069018 
0.221854 0.162252 0.195364 0.420530 
0.111742 0.638258 0.119318 0.130682 
0.065836 0.642349 0.211744 0.080071 
0.165574 0.404918 0.381967 0.047541 
0.433884 0.144628 0.177686 0.243802 
0.132588 0.637380 0.123003 0.107029 
0.126415 0.111321 0.662264 0.100000 
0.242475 0.566890 0.085284 0.105351 
0.161585 0.118902 0.283537 0.435976 
0.269444 0.080556 0.108333 0.541667 
0.477113 0.132042 0.304577 0.086268 
0.063380 0.809859 0.066197 0.060563 
0.097173 0.517668 0.287986 0.097173 
0.083904 0.207192 0.642123 0.066781 
0.234317 0.108856 0.522140 0.134686 
0.194611 0.116766 0.116766 0.571856 
0.140306 0.135204 0.150510 0.573980 
0.107143 0.417702 0.389752 0.085404 
0.078333 0.821667 0.058333 0.041667 
0.172945 0.272260 0.484589 0.070205 
0.481908 0.218750 0.241776 0.057566 
0.073668 0.735110 0.111285 0.079937 
0.273490 0.072148 0.595638 0.058725 
0.382943 0.403010 0.155518 0.058528 
0.352843 0.469900 0.132107 0.045151 
0.644161 0.074818 0.089416 0.191606 
0.077532 0.479430 0.365506 0.077532 
0.491667 0.308333 0.081667 0.118333 
0.216981 0.091195 0.210692 0.481132 
0.582117 0.104015 0.231752 0.082117 
0.279264 0.285953 0.366221 0.068562 
0.241935 0.093548 0.119355 0.545161 
0.412037 0.180556 0.282407 0.125000 
0.108333 0.097222 0.236111 0.558333 
0.050000 0.795161 0.075806 0.079032 
0.156915 0.098404 0.220745 0.523936 
0.314545 0.140000 0.416364 0.129091 
0.208207 0.186930 0.509119 0.095745 
0.149457 0.149457 0.149457 0.551630 
0.127119 0.098870 0.240113 0.533898 
0.059932 0.785959 0.070205 0.083904 
0.107895 0.244737 0.081579 0.565789 
0.296392 0.079897 0.079897 0.543814 
0.307910 0.076271 0.138418 0.477401 
0.236395 0.488095 0.134354 0.141156 
0.172697 0.419408 0.356908 0.050987 
0.468954 0.099673 0.351307 0.080065 
0.353211 0.295107 0.218654 0.133028 
0.122857 0.374286 0.117143 0.385714 
0.149485 0.128866 0.627148 0.094502 
0.244253 0.117816 0.123563 0.514368 
0.539308 0.303459 0.099057 0.058176 
0.519097 0.272569 0.098958 0.109375 
0.482919 0.349379 0.119565 0.048137 
0.253994 0.142173 0.554313 0.049521 
0.110932 0.512862 0.336013 0.040193 
0.496721 0.162295 0.293443 0.047541 
0.186486 0.213514 0.083784 0.516216 
0.103147 0.120629 0.680070 0.096154 
0.171053 0.261696 0.495614 0.071637 
0.641869 0.112457 0.108997 0.136678 
0.111280 0.196646 0.647866 0.044207 
0.576797 0.076797 0.243464 0.102941 
0.053226 0.811290 0.059677 0.075806 
0.111607 0.683036 0.168155 0.037202 
0.057566 0.699013 0.199013 0.044408 
0.788012 0.092105 0.080409 0.039474 
0.321429 0.294218 0.232993 0.151361 
0.138081 0.117733 0.684593 0.059593 
0.164360 0.108997 0.610727 0.115917 
0.266304 0.168478 0.472826 0.092391 
0.151741 0.410448 0.151741 0.286070 
0.424290 0.376972 0.093060 0.105678 
0.080475 0.758575 0.127968 0.032982 
0.120748 0.103741 0.695578 0.079932 
0.079487 0.130769 0.264103 0.525641 
0.578671 0.166084 0.141608 0.113636 
0.356908 0.208882 0.284539 0.149671 
0.162379 0.133441 0.625402 0.078778 
0.253623 0.113527 0.108696 0.524155 
0.090659 0.134615 0.304945 0.469780 
0.568536 0.091900 0.278816 0.060748 
0.163366 0.143564 0.632013 0.061056 
0.175000 0.158333 0.601667 0.065000 
0.309231 0.247692 0.349231 0.093846 
0.545918 0.175170 0.202381 0.076531 
0.116901 0.725352 0.114085 0.043662 
0.150000 0.130000 0.336667 0.383333 
0.151099 0.096154 0.228022 0.524725 
0.155814 0.081395 0.165116 0.597674 
0.339465 0.108696 0.453177 0.098662 
0.536392 0.254747 0.083861 0.125000 
0.266990 0.237864 0.386731 0.108414 
0.162824 0.237752 0.554755 0.044669 
0.278333 0.108333 0.545000 0.068333 
0.325826 0.199700 0.406907 0.067568 
0.124233 0.403374 0.384969 0.087423 
0.595833 0.229167 0.101389 0.073611 
0.304878 0.080488 0.114634 0.500000 
0.233990 0.115764 0.091133 0.559113 
0.452681 0.061514 0.345426 0.140379 
0.306647 0.270393 0.309668 0.113293 
0.204319 0.426910 0.290698 0.078073 
0.179070 0.141860 0.100000 0.579070 
0.306402 0.099085 0.486280 0.108232 
0.098706 0.163430 0.655340 0.082524 
0.081019 0.081019 0.293981 0.543981 
0.240426 0.112766 0.065957 0.580851 
0.073353 0.791916 0.097305 0.037425 
0.644092 0.128242 0.139769 0.087896 
0.154688 0.495312 0.279687 0.070312 
0.363208 0.322327 0.193396 0.121069 
0.296348 0.560393 0.088483 0.054775 
0.464939 0.092988 0.364329 0.077744 
0.062682 0.759475 0.115160 0.062682 
0.172360 0.181677 0.576087 0.069876 
0.210769 0.167692 0.558462 0.063077 
0.077197 0.697150 0.174584 0.051069 
0.075153 0.157975 0.670245 0.096626 
0.102761 0.148773 0.654908 0.093558 
0.312130 0.294379 0.335799 0.057692 
0.132558 0.100000 0.220930 0.546512 
0.095308 0.755132 0.104106 0.045455 
0.097826 0.197826 0.128261 0.576087 
0.210396 0.101485 0.165842 0.522277 
0.210177 0.117257 0.108407 0.564159 
0.174923 0.301858 0.388545 0.134675 
0.209596 0.098485 0.123737 0.568182 
0.128788 0.128788 0.214646 0.527778 
0.069820 0.182432 0.236486 0.511261 
0.210396 0.141089 0.155941 0.492574 
0.159314 0.188725 0.115196 0.536765 
0.155983 0.126068 0.164530 0.553419 
0.173611 0.090278 0.159722 0.576389 
0.082432 0.806757 0.068919 0.041892 
0.168129 0.194444 0.507310 0.130117 
0.129261 0.549716 0.251420 0.069602 
0.183642 0.131173 0.587963 0.097222 
0.608883 0.121777 0.196275 0.073066 
0.315549 0.373476 0.230183 0.080793 
0.633858 0.240157 0.077428 0.048556 
0.338663 0.187500 0.399709 0.074128 
0.488782 0.193910 0.142628 0.174679 
0.208155 0.057940 0.182403 0.551502 
0.570336 0.160550 0.185015 0.084098 
0.345938 0.214286 0.354342 0.085434 
0.644737 0.206140 0.080409 0.068713 
0.259901 0.076733 0.111386 0.551980 
0.050685 0.656164 0.250685 0.042466 
0.126113 0.345697 0.464392 0.063798 
0.166667 0.696581 0.086895 0.049858 
0.318421 0.113158 0.123684 0.444737 
0.260526 0.076316 0.128947 0.534211 
0.612462 0.101824 0.177812 0.107903 
0.400312 0.269470 0.210280 0.119938 
0.214052 0.263072 0.374183 0.148693 
0.113354 0.209627 0.613354 0.063665 
0.431646 0.386076 0.135443 0.046835 
0.167143 0.195714 0.524286 0.112857 
0.168981 0.136574 0.099537 0.594907 
0.300872 0.074128 0.510174 0.114826 
0.189583 0.189583 0.072917 0.547917 
0.214939 0.175305 0.510671 0.099085 
0.385714 0.252381 0.201587 0.160317 
0.081361 0.149408 0.714497 0.054734 
0.423177 0.404948 0.131510 0.040365 
0.176596 0.180851 0.095745 0.546809 
0.329384 0.073460 0.082938 0.514218 
0.058904 0.672603 0.217808 0.050685 
0.158482 0.194196 0.082589 0.564732 
0.310127 0.086498 0.065401 0.537975 
0.643048 0.102941 0.143048 0.110963 
0.224409 0.140420 0.597113 0.038058 
0.274059 0.081590 0.077406 0.566946 
0.230878 0.094901 0.573654 0.100567 
0.305627 0.297954 0.320972 0.075448 
0.280914 0.393817 0.245968 0.079301 
0.156818 0.097727 0.215909 0.529545 
0.060494 0.801235 0.107407 0.030864 
0.745232 0.074932 0.058583 0.121253 
0.155242 0.223790 0.074597 0.546371 
0.290698 0.123256 0.090698 0.495349 
0.686198 0.126302 0.141927 0.045573 
0.151316 0.129386 0.120614 0.598684 
0.258850 0.090708 0.077434 0.573009 
0.150430 0.319484 0.436963 0.093123 
0.195279 0.070815 0.186695 0.547210 
0.495614 0.121345 0.276316 0.106725 
0.262115 0.068282 0.116740 0.552863 
0.501445 0.143064 0.232659 0.122832 
0.132653 0.108163 0.226531 0.532653 
0.428358 0.091045 0.285075 0.195522 
0.149621 0.236742 0.077652 0.535985 
0.706388 0.156020 0.097052 0.040541 
0.111264 0.762363 0.064560 0.061813 
0.508310 0.076177 0.364266 0.051247 
0.160714 0.103022 0.652473 0.083791 
0.170455 0.129545 0.129545 0.570455 
0.162500 0.682955 0.112500 0.042045 
0.162260 0.558894 0.239183 0.039663 
0.235215 0.291667 0.431452 0.041667 
0.291367 0.574341 0.092326 0.041966 
0.275210 0.086134 0.077731 0.560924 
0.703008 0.121554 0.066416 0.109023 
0.266746 0.374402 0.305024 0.053828 
0.229084 0.093625 0.077689 0.599602 
0.286561 0.057312 0.108696 0.547431 
0.268889 0.086667 0.148889 0.495556 
0.153941 0.614532 0.181034 0.050493 
0.450269 0.307796 0.127688 0.114247 
0.185780 0.075688 0.245413 0.493119 
0.085242 0.657761 0.212468 0.044529 
0.484223 0.185680 0.268204 0.061893 
0.225191 0.342239 0.398219 0.034351 
0.198163 0.164042 0.578740 0.059055 
0.267033 0.612088 0.075824 0.045055 
0.234000 0.106000 0.094000 0.566000 
0.140167 0.144351 0.131799 0.583682 
0.149789 0.090717 0.175105 0.584388 
0.287879 0.588578 0.080420 0.043124 
0.227273 0.101732 0.088745 0.582251 
0.058233 0.283133 0.114458 0.544177 
0.207983 0.102941 0.094538 0.594538 
0.323892 0.168719 0.410099 0.097291 
0.174541 0.631234 0.064304 0.129921 
0.068182 0.258264 0.121901 0.551653 
0.300983 0.224816 0.401720 0.072482 
0.259021 0.418814 0.279639 0.042526 
0.060881 0.281088 0.563472 0.094560 
0.151408 0.684272 0.041080 0.123239 
0.260108 0.149596 0.491914 0.098383 
0.100000 0.263265 0.067347 0.569388 
0.109127 0.101190 0.208333 0.581349 
0.126609 0.075107 0.238197 0.560086 
0.176136 0.712500 0.076136 0.035227 
0.261050 0.100829 0.534530 0.103591 
0.422190 0.139769 0.353026 0.085014 
0.176357 0.048450 0.203488 0.571705 
0.078629 0.062500 0.300403 0.558468 
0.183721 0.123256 0.127907 0.565116 
0.415294 0.234118 0.292941 0.057647 
0.068000 0.393333 0.454667 0.084000 
0.122871 0.738443 0.054745 0.083942 
0.232648 0.525707 0.209512 0.032134 
0.190411 0.204110 0.489041 0.116438 
0.083333 0.083333 0.270325 0.563008 
0.205556 0.364815 0.112963 0.316667 
0.202670 0.644417 0.081311 0.071602 
0.170588 0.115686 0.115686 0.598039 
0.137887 0.315722 0.472938 0.073454 
0.137712 0.091102 0.247881 0.523305 
0.225369 0.114532 0.621921 0.038177 
0.335648 0.122685 0.094907 0.446759 
0.060859 0.807876 0.094272 0.036993 
0.567819 0.121011 0.171543 0.139628 
0.596561 0.088624 0.173280 0.141534 
0.177807 0.209893 0.493316 0.118984 
0.240148 0.616995 0.084975 0.057882 
0.542683 0.120732 0.193902 0.142683 
0.301190 0.584524 0.065476 0.048810 
0.320408 0.055102 0.071429 0.553061 
0.059387 0.289272 0.078544 0.572797 
0.265182 0.078947 0.119433 0.536437 
0.669786 0.081551 0.097594 0.151070 
0.433638 0.360412 0.138444 0.067506 
0.149543 0.446347 0.366438 0.037671 
0.296250 0.158750 0.506250 0.038750 
0.105948 0.117100 0.187732 0.589219 
0.076772 0.257874 0.084646 0.580709 
0.177043 0.071984 0.169261 0.581712 
0.269547 0.059671 0.080247 0.590535 
0.041176 0.704706 0.220000 0.034118 
0.083026 0.057196 0.278598 0.581181 
0.059417 0.797085 0.061659 0.081839 
0.108744 0.781390 0.079596 0.030269 
0.062925 0.294218 0.083333 0.559524 
0.191358 0.121399 0.080247 0.606996 
0.130189 0.235849 0.084906 0.549057 
0.060784 0.052941 0.288235 0.598039 
0.094937 0.073840 0.322785 0.508439 
0.117706 0.753521 0.099598 0.029175 
0.157828 0.175505 0.574495 0.092172 
0.136771 0.168161 0.208520 0.486547 
0.664882 0.144540 0.142398 0.048180 
0.169211 0.230280 0.479644 0.120865 
0.090793 0.234015 0.528133 0.147059 
0.252969 0.540380 0.141330 0.065321 
0.110909 0.158182 0.180000 0.550909 
0.078182 0.067273 0.274545 0.580000 
0.130197 0.239606 0.585339 0.044858 
0.183258 0.156109 0.151584 0.509050 
0.059165 0.567285 0.288863 0.084687 
0.136743 0.717119 0.092902 0.053236 
0.115517 0.087931 0.225862 0.570690 
0.115970 0.188213 0.131179 0.564639 
0.112705 0.108607 0.264344 0.514344 
0.094982 0.094982 0.209677 0.600358 
0.183168 0.717822 0.062376 0.036634 
0.237470 0.468974 0.235084 0.058473 
0.143137 0.150980 0.131373 0.574510 
0.089416 0.049270 0.271898 0.589416 
0.189850 0.174812 0.099624 0.535714 
0.133197 0.157787 0.202869 0.506148 
0.238839 0.158482 0.122768 0.479911 
0.573020 0.053218 0.288366 0.085396 
0.232477 0.620327 0.113318 0.033879 
0.046973 0.783925 0.132568 0.036534 
0.272994 0.147750 0.521526 0.057730 
0.069643 0.116071 0.226786 0.587500 
0.236742 0.085227 0.054924 0.623106 
0.104305 0.120861 0.140728 0.634106 
0.165493 0.118545 0.630282 0.085681 
0.314118 0.217647 0.394118 0.074118 
0.315367 0.136468 0.514908 0.033257 
0.079044 0.288603 0.071691 0.560662 
0.479118 0.142691 0.244780 0.133411 
0.087045 0.111336 0.293522 0.508097 
0.123574 0.096958 0.256654 0.522814 
0.251894 0.077652 0.089015 0.581439 
0.196809 0.129433 0.076241 0.597518 
0.053502 0.837549 0.061284 0.047665 
0.199761 0.163876 0.510766 0.125598 
0.295991 0.123821 0.508255 0.071934 
0.264479 0.075290 0.106178 0.554054 
0.064570 0.312914 0.064570 0.557947 
0.075646 0.219557 0.175277 0.529520 
0.511765 0.107059 0.227059 0.154118 
0.177734 0.107422 0.119141 0.595703 
0.130662 0.155052 0.130662 0.583624 
0.582803 0.209130 0.151805 0.056263 
0.353933 0.389888 0.210112 0.046067 
0.114773 0.178409 0.639773 0.067045 
0.129893 0.229537 0.083630 0.556940 
0.164207 0.204797 0.108856 0.522140 
0.149402 0.081673 0.249004 0.519920 
0.108418 0.432398 0.389031 0.070153 
0.108268 0.261811 0.104331 0.525591 
0.068254 0.207937 0.109524 0.614286 
0.093590 0.101282 0.693590 0.111538 
0.059295 0.245192 0.123397 0.572115 
0.504158 0.385655 0.063410 0.046778 
0.282875 0.136086 0.062691 0.518349 
0.073086 0.295824 0.548724 0.082367 
0.098165 0.775229 0.088991 0.037615 
0.585177 0.074115 0.222345 0.118363 
0.087209 0.222868 0.176357 0.513566 
0.517857 0.110714 0.189286 0.182143 
0.108766 0.306818 0.060065 0.524351 
0.123693 0.081882 0.238676 0.555749 
0.085317 0.113095 0.263889 0.537698 
0.183398 0.113900 0.117761 0.584942 
0.160650 0.092058 0.142599 0.604693 
0.076087 0.296584 0.069876 0.557453 
0.069876 0.163043 0.187888 0.579193 
0.258123 0.066787 0.106498 0.568592 
0.358163 0.388776 0.209184 0.043878 
0.112132 0.159926 0.093750 0.634191 
0.105556 0.072222 0.268519 0.553704 
0.056383 0.686170 0.194681 0.062766 
0.077068 0.088346 0.302632 0.531955 
0.170927 0.183706 0.065495 0.579872 
0.125000 0.271694 0.552686 0.050620 
0.279359 0.072954 0.090747 0.556940 
0.238431 0.083501 0.616700 0.061368 
0.104361 0.185358 0.104361 0.605919 
0.063126 0.618236 0.291583 0.027054 
0.803191 0.058511 0.067021 0.071277 
0.151606 0.103414 0.685743 0.059237 
0.196113 0.061837 0.167845 0.574205 
0.192540 0.682460 0.063508 0.061492 
0.219368 0.092885 0.092885 0.594862 
0.419622 0.124113 0.280142 0.176123 
0.434647 0.214730 0.279046 0.071577 
0.188291 0.090190 0.068038 0.653481 
0.082418 0.075092 0.276557 0.565934 
0.065079 0.211111 0.128571 0.595238 
0.223510 0.067881 0.110927 0.597682 
0.163430 0.066343 0.111650 0.658576 
0.246681 0.240044 0.430310 0.082965 
0.109756 0.147450 0.677384 0.065410 
0.133446 0.119932 0.146959 0.599662 
0.285948 0.053922 0.080065 0.580065 
0.303390 0.079661 0.059322 0.557627 
0.205492 0.697917 0.059659 0.036932 
0.086626 0.202128 0.080547 0.630699 
0.082746 0.075704 0.244718 0.596831 
0.190323 0.188172 0.573118 0.048387 
0.207527 0.278495 0.383871 0.130108 
0.253268 0.076797 0.076797 0.593137 
0.310784 0.518627 0.140196 0.030392 
0.226987 0.099372 0.567992 0.105649 
0.196864 0.186411 0.071429 0.545296 
0.037546 0.814103 0.094322 0.054029 
0.162021 0.168990 0.067944 0.601045 
0.488494 0.199791 0.247908 0.063808 
0.136458 0.217708 0.553125 0.092708 
0.099581 0.359539 0.472746 0.068134 
0.077586 0.143103 0.167241 0.612069 
0.044466 0.803360 0.097826 0.054348 
0.273196 0.080756 0.073883 0.572165 
0.230650 0.125387 0.066563 0.577399 
0.103279 0.090164 0.211475 0.595082 
0.140988 0.143895 0.170058 0.545058 
0.271488 0.149895 0.525157 0.053459 
0.065079 0.106349 0.185714 0.642857 
0.142105 0.068421 0.198246 0.591228 
0.307047 0.055369 0.115772 0.521812 
0.113354 0.228261 0.107143 0.551242 
0.246689 0.071192 0.057947 0.624172 
0.060065 0.284091 0.066558 0.589286 
0.131068 0.163430 0.069579 0.635922 
0.100683 0.209898 0.093857 0.595563 
0.070463 0.443050 0.446911 0.039575 
0.225096 0.347701 0.363027 0.064176 
0.037223 0.858149 0.047284 0.057344 
0.345238 0.062925 0.083333 0.508503 
0.217742 0.075806 0.062903 0.643548 
0.161565 0.086735 0.093537 0.658163 
0.089869 0.129085 0.191176 0.589869 
0.237201 0.073379 0.127986 0.561433 
0.280208 0.186458 0.457292 0.076042 
0.112100 0.051601 0.304270 0.532028 
0.261696 0.071637 0.071637 0.595029 
0.085086 0.673996 0.207457 0.033461 
0.259804 0.135621 0.060458 0.544118 
0.277409 0.081395 0.068106 0.573090 
0.118750 0.759821 0.059821 0.061607 
0.201789 0.203777 0.543738 0.050696 
0.114964 0.114964 0.253650 0.516423 
0.165033 0.086601 0.125817 0.622549 
0.120640 0.114826 0.178779 0.585756 
0.062712 0.110169 0.279661 0.547458 
0.130040 0.751008 0.043347 0.075605 
0.217014 0.126736 0.130208 0.526042 
0.193603 0.183502 0.058923 0.563973 
0.046903 0.823894 0.050442 0.078761 
0.280844 0.050325 0.102273 0.566558 
0.237864 0.066343 0.153722 0.542071 
0.078313 0.809811 0.080034 0.031842 
0.218266 0.054180 0.128483 0.599071 
0.129243 0.244125 0.071802 0.554830 
0.182258 0.098387 0.101613 0.617742 
0.097115 0.312500 0.537500 0.052885 
0.076299 0.121753 0.238636 0.563312 
0.164756 0.098854 0.150430 0.585960 
0.084158 0.067657 0.282178 0.566007 
0.097360 0.047855 0.288779 0.566007 
0.379573 0.053354 0.080793 0.486280 
0.086538 0.215659 0.083791 0.614011 
0.252412 0.049839 0.072347 0.625402 
0.176036 0.051775 0.181953 0.590237 
0.231419 0.079392 0.055743 0.633446 
0.097518 0.086879 0.303191 0.512411 
0.092375 0.165689 0.101173 0.640762 
0.097015 0.085075 0.219403 0.598507 
0.048287 0.247664 0.104361 0.599688 
0.101256 0.815542 0.035322 0.047881 
0.038462 0.617949 0.291453 0.052137 
0.068116 0.053623 0.302899 0.575362 
0.490758 0.135860 0.285582 0.087800 
0.331014 0.167992 0.398608 0.102386 
0.112457 0.212803 0.077855 0.596886 
0.283282 0.066563 0.069659 0.580495 
0.069659 0.187307 0.156347 0.586687 
0.279456 0.064955 0.067976 0.587613 
0.093443 0.109836 0.270492 0.526230 
0.154945 0.236264 0.495604 0.113187 
0.088589 0.163664 0.151652 0.596096 
0.126911 0.059633 0.221713 0.591743 
0.137343 0.744165 0.072711 0.045781 
0.164013 0.046178 0.234076 0.555732 
0.178427 0.138105 0.621976 0.061492 
0.083791 0.177198 0.086538 0.652473 
0.039835 0.177198 0.125000 0.657967 
0.148562 0.129393 0.110224 0.611821 
0.420909 0.393636 0.133636 0.051818 
0.366667 0.530631 0.076577 0.026126 
0.133224 0.074013 0.261513 0.531250 
0.067976 0.089124 0.276435 0.566465 
0.123512 0.162202 0.123512 0.590774 
0.350440 0.039589 0.068915 0.541056 
0.079685 0.806480 0.074431 0.039405 
0.096542 0.295389 0.067723 0.540346 
0.224522 0.087580 0.084395 0.603503 
0.256014 0.077320 0.121993 0.544674 
0.194678 0.040616 0.180672 0.584034 
0.224522 0.055732 0.113057 0.606688 
0.176230 0.110656 0.058743 0.654372 
0.100299 0.091317 0.241018 0.567365 
0.162207 0.081940 0.212375 0.543478 
0.209402 0.061254 0.084046 0.645299 
0.282534 0.083904 0.155822 0.477740 
0.157658 0.067568 0.181682 0.593093 
0.211375 0.286078 0.476231 0.026316 
0.043056 0.137500 0.165278 0.654167 
0.094805 0.253247 0.112987 0.538961 
0.302557 0.052557 0.063920 0.580966 
0.110028 0.093315 0.140669 0.655989 
0.247076 0.068713 0.080409 0.603801 
0.317797 0.055085 0.057910 0.569209 
0.202744 0.092988 0.099085 0.605183 
0.061782 0.070402 0.280172 0.587644 
0.076324 0.113707 0.228972 0.580997 
0.677885 0.049038 0.133654 0.139423 
0.193410 0.121777 0.061605 0.623209 
0.538961 0.314471 0.089981 0.056586 
0.129921 0.166667 0.098425 0.604987 
0.070402 0.239943 0.084770 0.604885 
0.055990 0.261719 0.076823 0.605469 
0.361272 0.224470 0.315029 0.099229 
0.334163 0.571310 0.048922 0.045605 
0.340951 0.143510 0.408592 0.106947 
0.237069 0.076149 0.079023 0.607759 
0.181937 0.121728 0.085079 0.611257 
0.132857 0.070000 0.201429 0.595714 
0.048883 0.076816 0.238827 0.635475 
0.178571 0.132857 0.078571 0.610000 
0.112086 0.774854 0.088694 0.024366 
0.073438 0.092188 0.257812 0.576562 
0.248596 0.046348 0.091292 0.613764 
0.093272 0.056575 0.279817 0.570336 
0.313636 0.065152 0.065152 0.556061 
0.444915 0.100847 0.392373 0.061864 
0.320290 0.056522 0.044928 0.578261 
0.302005 0.041353 0.053885 0.602757 
0.069298 0.758772 0.071053 0.100877 
0.655779 0.191792 0.108040 0.044389 
0.096460 0.101770 0.655752 0.146018 
0.226852 0.069444 0.078704 0.625000 
0.077684 0.235876 0.063559 0.622881 
0.467430 0.191021 0.284331 0.057218 
0.463908 0.208627 0.270246 0.057218 
0.179448 0.136503 0.105828 0.578221 
0.055707 0.305707 0.072011 0.566576 
0.057522 0.078171 0.281711 0.582596 
0.085079 0.255236 0.066754 0.592932 
0.093750 0.194940 0.150298 0.561012 
0.322901 0.600763 0.041985 0.034351 
0.087644 0.265805 0.079023 0.567529 
0.072308 0.081538 0.303077 0.543077 
0.077413 0.629326 0.248634 0.044627 
0.125740 0.140533 0.125740 0.607988 
0.095638 0.085570 0.273490 0.545302 
0.216418 0.097015 0.111940 0.574627 
0.083333 0.157104 0.105191 0.654372 
0.114780 0.064465 0.278302 0.542453 
0.063172 0.114247 0.165323 0.657258 
0.053571 0.045330 0.331044 0.570055 
0.064987 0.064987 0.210875 0.659151 
0.715909 0.130245 0.044580 0.109266 
0.109756 0.201897 0.088076 0.600271 
0.198701 0.084416 0.141558 0.575325 
0.087467 0.131854 0.160574 0.620104 
0.264793 0.072485 0.069527 0.593195 
0.227143 0.055714 0.070000 0.647143 
0.105351 0.185619 0.158863 0.550167 
0.263554 0.070783 0.128012 0.537651 
0.086066 0.230874 0.072404 0.610656 
0.367470 0.174699 0.388124 0.069707 
0.103604 0.085586 0.208709 0.602102 
0.047945 0.217808 0.105479 0.628767 
0.181948 0.070201 0.116046 0.631805 
0.052972 0.184755 0.153747 0.608527 
0.052846 0.266938 0.047425 0.632791 
0.053468 0.244220 0.108382 0.593931 
0.192722 0.095687 0.066038 0.645553 
0.169034 0.126420 0.117898 0.586648 
0.096439 0.057864 0.277448 0.568249 
0.136765 0.119118 0.116176 0.627941 
0.217452 0.137119 0.073407 0.572022 
0.266571 0.061960 0.082133 0.589337 
0.109848 0.145202 0.157828 0.587121 
0.134393 0.186416 0.062139 0.617052 
0.150893 0.511607 0.213393 0.124107 
0.157289 0.157289 0.090793 0.594629 
0.092330 0.115057 0.211648 0.580966 
0.417160 0.338264 0.081854 0.162722 
0.073020 0.184406 0.110149 0.632426 
0.270604 0.045330 0.108516 0.575549 
0.247268 0.042350 0.116120 0.594262 
0.117722 0.062025 0.441772 0.378481 
0.202550 0.123229 0.077904 0.596317 
0.355053 0.033245 0.049202 0.562500 
0.097531 0.159259 0.104938 0.638272 
0.085260 0.053468 0.252890 0.608382 
0.315126 0.071429 0.130252 0.483193 
0.271802 0.082849 0.068314 0.577035 
0.621429 0.192857 0.156349 0.029365 
0.079088 0.079088 0.264075 0.577748 
0.240053 0.062334 0.038462 0.659151 
0.260446 0.057103 0.076602 0.605850 
0.143432 0.162198 0.076408 0.617962 
0.089041 0.132877 0.138356 0.639726 
0.509483 0.376724 0.062931 0.050862 
0.061080 0.066761 0.299716 0.572443 
0.059764 0.721380 0.170875 0.047980 
0.113636 0.076203 0.185829 0.624332 
0.076602 0.110028 0.196379 0.616992 
0.085526 0.067105 0.248684 0.598684 
0.183702 0.158840 0.070442 0.587017 
0.241892 0.066216 0.063514 0.628378 
0.379231 0.523846 0.053077 0.043846 
0.115804 0.102180 0.235695 0.546322 
0.272806 0.166093 0.475904 0.085198 
0.081662 0.130372 0.265043 0.522923 
0.306497 0.046610 0.055085 0.591808 
0.230000 0.070000 0.058571 0.641429 
0.119303 0.063003 0.218499 0.599196 
0.141910 0.136605 0.075597 0.645889 
0.094880 0.134036 0.152108 0.618976 
0.653146 0.158113 0.134934 0.053808 
0.366142 0.061680 0.069554 0.502625 
0.240741 0.070370 0.065432 0.623457 
0.062500 0.158245 0.176862 0.602394 
0.208333 0.076149 0.150862 0.564655 
0.175397 0.573810 0.211905 0.038889 
0.068579 0.078554 0.253117 0.599751 
0.189607 0.167135 0.085674 0.557584 
0.067259 0.064721 0.242386 0.625635 
0.096542 0.082133 0.211816 0.609510 
0.298319 0.046218 0.079832 0.575630 
0.255906 0.061680 0.053806 0.628609 
0.380769 0.496154 0.070000 0.053077 
0.127566 0.221408 0.054252 0.596774 
0.055707 0.077446 0.275815 0.591033 
0.116379 0.114655 0.709483 0.059483 
0.256443 0.063144 0.052835 0.627577 
0.258621 0.080902 0.072944 0.587533 
0.238158 0.072368 0.075000 0.614474 
0.734626 0.199866 0.042112 0.023396 
0.109459 0.144595 0.128378 0.617568 
0.173977 0.074561 0.150585 0.600877 
0.208126 0.075456 0.679104 0.037313 
0.037621 0.336165 0.037621 0.588592 
0.037621 0.336165 0.040049 0.586165 
0.267105 0.051316 0.069737 0.611842 
0.087563 0.227157 0.105330 0.579949 
0.387231 0.488391 0.101990 0.022388 
0.259756 0.071951 0.103659 0.564634 
0.157552 0.055990 0.180990 0.605469 
