0.084337 0.289157 0.060241 0.060241 0.060241 0.108434 0.060241 0.096386 0.096386 0.084337 
0.057471 0.068966 0.068966 0.068966 0.068966 0.080460 0.091954 0.068966 0.356322 0.068966 
0.108434 0.144578 0.084337 0.060241 0.096386 0.108434 0.060241 0.144578 0.120482 0.072289 
0.068182 0.181818 0.068182 0.170455 0.068182 0.079545 0.102273 0.147727 0.056818 0.056818 
0.126437 0.114943 0.057471 0.091954 0.091954 0.137931 0.080460 0.068966 0.149425 0.080460 
0.067308 0.105769 0.048077 0.413462 0.048077 0.057692 0.067308 0.076923 0.067308 0.048077 
0.054945 0.109890 0.054945 0.054945 0.076923 0.109890 0.131868 0.252747 0.076923 0.076923 
0.059406 0.118812 0.059406 0.059406 0.059406 0.079208 0.287129 0.049505 0.178218 0.049505 
0.129032 0.096774 0.064516 0.053763 0.053763 0.075269 0.086022 0.086022 0.290323 0.064516 
0.045045 0.261261 0.054054 0.063063 0.045045 0.126126 0.090090 0.198198 0.045045 0.072072 
0.109244 0.319328 0.042017 0.042017 0.058824 0.067227 0.142857 0.084034 0.092437 0.042017 
0.049505 0.099010 0.069307 0.079208 0.059406 0.178218 0.247525 0.079208 0.079208 0.059406 
0.068376 0.128205 0.059829 0.051282 0.051282 0.068376 0.094017 0.358974 0.068376 0.051282 
0.121212 0.111111 0.060606 0.070707 0.050505 0.060606 0.080808 0.121212 0.272727 0.050505 
0.090909 0.066116 0.082645 0.082645 0.041322 0.082645 0.057851 0.057851 0.380165 0.057851 
0.056075 0.112150 0.065421 0.308411 0.074766 0.084112 0.102804 0.084112 0.065421 0.046729 
0.067227 0.092437 0.042017 0.075630 0.042017 0.084034 0.100840 0.386555 0.050420 0.058824 
0.043103 0.094828 0.043103 0.146552 0.043103 0.077586 0.379310 0.060345 0.068966 0.043103 
0.144144 0.099099 0.045045 0.117117 0.063063 0.063063 0.261261 0.081081 0.072072 0.054054 
0.043478 0.139130 0.043478 0.165217 0.052174 0.060870 0.052174 0.286957 0.113043 0.043478 
0.064815 0.166667 0.046296 0.074074 0.046296 0.074074 0.379630 0.055556 0.046296 0.046296 
0.062500 0.062500 0.053571 0.053571 0.044643 0.071429 0.419643 0.071429 0.089286 0.071429 
0.085470 0.111111 0.059829 0.068376 0.042735 0.153846 0.051282 0.059829 0.316239 0.051282 
0.103448 0.094828 0.043103 0.405172 0.043103 0.051724 0.068966 0.068966 0.077586 0.043103 
0.098039 0.098039 0.117647 0.098039 0.098039 0.098039 0.098039 0.098039 0.098039 0.098039 
0.098039 0.098039 0.098039 0.098039 0.117647 0.098039 0.098039 0.098039 0.098039 0.098039 
0.142857 0.134454 0.042017 0.058824 0.084034 0.142857 0.184874 0.075630 0.067227 0.067227 
0.108333 0.083333 0.058333 0.075000 0.041667 0.050000 0.041667 0.041667 0.433333 0.066667 
0.075000 0.075000 0.050000 0.058333 0.050000 0.050000 0.066667 0.041667 0.450000 0.083333 
0.109244 0.067227 0.050420 0.210084 0.067227 0.075630 0.117647 0.084034 0.159664 0.058824 
0.132231 0.338843 0.049587 0.082645 0.041322 0.049587 0.074380 0.082645 0.107438 0.041322 
0.151261 0.109244 0.050420 0.126050 0.067227 0.151261 0.042017 0.050420 0.184874 0.067227 
0.094828 0.112069 0.043103 0.189655 0.051724 0.155172 0.086207 0.077586 0.068966 0.120690 
0.060870 0.043478 0.104348 0.182609 0.052174 0.121739 0.269565 0.060870 0.043478 0.060870 
0.076336 0.053435 0.038168 0.068702 0.038168 0.122137 0.351145 0.175573 0.038168 0.038168 
0.060150 0.315789 0.037594 0.082707 0.045113 0.060150 0.075188 0.225564 0.060150 0.037594 
0.139344 0.073770 0.090164 0.114754 0.040984 0.245902 0.090164 0.073770 0.057377 0.073770 
0.073171 0.065041 0.065041 0.065041 0.040650 0.056911 0.439024 0.048780 0.056911 0.089431 
0.068493 0.082192 0.109589 0.123288 0.095890 0.068493 0.136986 0.068493 0.095890 0.150685 
0.182540 0.063492 0.047619 0.341270 0.047619 0.039683 0.055556 0.103175 0.071429 0.047619 
0.073770 0.073770 0.049180 0.352459 0.049180 0.057377 0.172131 0.065574 0.049180 0.057377 
0.042735 0.076923 0.059829 0.068376 0.059829 0.162393 0.145299 0.256410 0.059829 0.068376 
0.058394 0.094891 0.036496 0.087591 0.036496 0.094891 0.408759 0.051095 0.094891 0.036496 
0.046154 0.461538 0.046154 0.046154 0.038462 0.076923 0.046154 0.069231 0.107692 0.061538 
0.046154 0.123077 0.053846 0.053846 0.076923 0.053846 0.053846 0.430769 0.046154 0.061538 
0.069767 0.069767 0.038760 0.085271 0.038760 0.410853 0.093023 0.054264 0.093023 0.046512 
0.038462 0.200000 0.053846 0.046154 0.053846 0.161538 0.038462 0.323077 0.038462 0.046154 
0.090909 0.181818 0.053030 0.068182 0.045455 0.060606 0.136364 0.053030 0.272727 0.037879 
0.126866 0.186567 0.067164 0.059701 0.044776 0.037313 0.059701 0.111940 0.253731 0.052239 
0.050725 0.115942 0.050725 0.166667 0.043478 0.050725 0.333333 0.079710 0.057971 0.050725 
0.184211 0.078947 0.032895 0.098684 0.072368 0.052632 0.171053 0.111842 0.164474 0.032895 
0.092857 0.100000 0.042857 0.178571 0.035714 0.178571 0.078571 0.042857 0.192857 0.057143 
0.078740 0.196850 0.039370 0.157480 0.047244 0.149606 0.078740 0.094488 0.110236 0.047244 
0.110236 0.236220 0.047244 0.181102 0.047244 0.078740 0.094488 0.110236 0.055118 0.039370 
0.036232 0.036232 0.050725 0.231884 0.057971 0.043478 0.130435 0.297101 0.072464 0.043478 
0.116788 0.072993 0.051095 0.058394 0.182482 0.080292 0.175182 0.080292 0.138686 0.043796 
0.080882 0.169118 0.036765 0.058824 0.044118 0.073529 0.257353 0.139706 0.095588 0.044118 
0.062016 0.395349 0.038760 0.046512 0.038760 0.085271 0.093023 0.069767 0.069767 0.100775 
0.122807 0.061404 0.078947 0.070175 0.043860 0.236842 0.096491 0.096491 0.078947 0.114035 
0.108696 0.079710 0.057971 0.144928 0.057971 0.101449 0.246377 0.065217 0.094203 0.043478 
0.062992 0.078740 0.047244 0.425197 0.047244 0.078740 0.070866 0.070866 0.078740 0.039370 
0.060000 0.180000 0.033333 0.040000 0.040000 0.060000 0.053333 0.100000 0.400000 0.033333 
0.461538 0.111888 0.034965 0.083916 0.034965 0.069930 0.041958 0.034965 0.083916 0.041958 
0.064000 0.240000 0.096000 0.096000 0.056000 0.064000 0.160000 0.096000 0.064000 0.064000 
0.064286 0.107143 0.050000 0.050000 0.057143 0.050000 0.085714 0.064286 0.421429 0.050000 
0.152174 0.065217 0.086957 0.159420 0.094203 0.043478 0.086957 0.152174 0.101449 0.057971 
0.073826 0.087248 0.046980 0.046980 0.033557 0.046980 0.060403 0.033557 0.516779 0.053691 
0.058824 0.132353 0.036765 0.080882 0.036765 0.183824 0.110294 0.051471 0.250000 0.058824 
0.099291 0.113475 0.042553 0.049645 0.035461 0.092199 0.368794 0.085106 0.070922 0.042553 
0.074830 0.068027 0.054422 0.115646 0.034014 0.081633 0.360544 0.068027 0.095238 0.047619 
0.352564 0.044872 0.038462 0.051282 0.038462 0.064103 0.070513 0.057692 0.230769 0.051282 
0.036765 0.132353 0.036765 0.095588 0.058824 0.088235 0.382353 0.058824 0.066176 0.044118 
0.055172 0.062069 0.048276 0.117241 0.062069 0.144828 0.310345 0.089655 0.062069 0.048276 
0.079470 0.112583 0.072848 0.039735 0.046358 0.059603 0.033113 0.066225 0.423841 0.066225 
0.092715 0.291391 0.086093 0.079470 0.039735 0.059603 0.066225 0.046358 0.185430 0.052980 
0.327160 0.049383 0.037037 0.160494 0.030864 0.061728 0.037037 0.037037 0.209877 0.049383 
0.045113 0.060150 0.082707 0.060150 0.082707 0.150376 0.172932 0.248120 0.037594 0.060150 
0.066225 0.033113 0.033113 0.099338 0.046358 0.112583 0.443709 0.092715 0.033113 0.039735 
0.051095 0.087591 0.080292 0.131387 0.058394 0.087591 0.233577 0.189781 0.036496 0.043796 
0.066667 0.060000 0.033333 0.166667 0.053333 0.066667 0.260000 0.060000 0.193333 0.040000 
0.039474 0.217105 0.032895 0.039474 0.046053 0.098684 0.052632 0.375000 0.052632 0.046053 
0.055556 0.064815 0.101852 0.092593 0.194444 0.064815 0.092593 0.055556 0.064815 0.212963 
0.072848 0.119205 0.033113 0.152318 0.092715 0.132450 0.225166 0.046358 0.079470 0.046358 
0.052239 0.111940 0.044776 0.440299 0.037313 0.082090 0.089552 0.052239 0.037313 0.052239 
0.053030 0.060606 0.106061 0.318182 0.075758 0.045455 0.174242 0.045455 0.060606 0.060606 
0.040323 0.064516 0.088710 0.056452 0.072581 0.064516 0.088710 0.346774 0.104839 0.072581 
0.468085 0.099291 0.035461 0.042553 0.035461 0.156028 0.035461 0.042553 0.049645 0.035461 
0.063830 0.085106 0.042553 0.390071 0.063830 0.049645 0.106383 0.078014 0.070922 0.049645 
0.037267 0.099379 0.043478 0.080745 0.031056 0.037267 0.509317 0.031056 0.093168 0.037267 
0.062069 0.124138 0.048276 0.179310 0.041379 0.055172 0.172414 0.200000 0.075862 0.041379 
0.055556 0.159722 0.034722 0.111111 0.041667 0.048611 0.402778 0.055556 0.041667 0.048611 
0.077844 0.167665 0.035928 0.107784 0.041916 0.053892 0.155689 0.251497 0.059880 0.047904 
0.046243 0.075145 0.028902 0.052023 0.034682 0.063584 0.445087 0.057803 0.161850 0.034682 
0.059603 0.158940 0.039735 0.039735 0.039735 0.092715 0.066225 0.079470 0.370861 0.052980 
0.082759 0.055172 0.041379 0.165517 0.089655 0.041379 0.275862 0.034483 0.137931 0.075862 
0.078431 0.071895 0.032680 0.254902 0.039216 0.058824 0.104575 0.202614 0.117647 0.039216 
0.104895 0.034965 0.041958 0.279720 0.048951 0.090909 0.223776 0.062937 0.069930 0.041958 
0.047297 0.067568 0.040541 0.351351 0.054054 0.087838 0.182432 0.047297 0.074324 0.047297 
0.097902 0.048951 0.034965 0.076923 0.048951 0.069930 0.454545 0.055944 0.062937 0.048951 
0.057692 0.064103 0.038462 0.102564 0.076923 0.089744 0.365385 0.051282 0.108974 0.044872 
0.031250 0.043750 0.031250 0.206250 0.031250 0.075000 0.400000 0.100000 0.050000 0.031250 
0.046667 0.066667 0.086667 0.040000 0.093333 0.106667 0.106667 0.346667 0.040000 0.066667 
0.283237 0.173410 0.034682 0.075145 0.028902 0.028902 0.092486 0.034682 0.213873 0.034682 
0.064748 0.057554 0.071942 0.079137 0.071942 0.115108 0.294964 0.035971 0.158273 0.050360 
0.083916 0.104895 0.048951 0.202797 0.062937 0.062937 0.251748 0.076923 0.062937 0.041958 
0.094118 0.076471 0.029412 0.041176 0.052941 0.088235 0.058824 0.135294 0.388235 0.035294 
0.048276 0.103448 0.055172 0.075862 0.048276 0.096552 0.062069 0.434483 0.034483 0.041379 
0.055556 0.148148 0.037037 0.037037 0.055556 0.030864 0.259259 0.259259 0.037037 0.080247 
0.150000 0.093750 0.031250 0.243750 0.043750 0.068750 0.212500 0.056250 0.062500 0.037500 
0.077419 0.090323 0.032258 0.406452 0.038710 0.070968 0.167742 0.045161 0.038710 0.032258 
0.057471 0.339080 0.040230 0.040230 0.028736 0.080460 0.080460 0.183908 0.097701 0.051724 
0.047945 0.075342 0.047945 0.068493 0.136986 0.116438 0.082192 0.178082 0.184932 0.061644 
0.040230 0.172414 0.028736 0.137931 0.034483 0.068966 0.379310 0.068966 0.040230 0.028736 
0.067114 0.241611 0.033557 0.067114 0.033557 0.073826 0.342282 0.073826 0.033557 0.033557 
0.072727 0.063636 0.172727 0.063636 0.118182 0.063636 0.163636 0.081818 0.045455 0.154545 
0.255556 0.055556 0.033333 0.105556 0.038889 0.055556 0.100000 0.055556 0.272222 0.027778 
0.210843 0.054217 0.036145 0.072289 0.036145 0.048193 0.373494 0.066265 0.066265 0.036145 
0.053254 0.473373 0.029586 0.047337 0.029586 0.213018 0.035503 0.029586 0.047337 0.041420 
0.148148 0.203704 0.037037 0.092593 0.037037 0.141975 0.086420 0.135802 0.074074 0.043210 
0.093960 0.053691 0.040268 0.114094 0.073826 0.100671 0.033557 0.040268 0.362416 0.087248 
0.052980 0.052980 0.046358 0.403974 0.046358 0.052980 0.105960 0.112583 0.092715 0.033113 
0.037267 0.186335 0.031056 0.155280 0.031056 0.049689 0.198758 0.204969 0.068323 0.037267 
0.040936 0.081871 0.035088 0.175439 0.029240 0.093567 0.403509 0.070175 0.040936 0.029240 
0.045161 0.064516 0.051613 0.096774 0.090323 0.077419 0.412903 0.051613 0.064516 0.045161 
0.133721 0.162791 0.029070 0.180233 0.058140 0.087209 0.244186 0.034884 0.040698 0.029070 
0.141304 0.043478 0.027174 0.505435 0.027174 0.043478 0.065217 0.065217 0.048913 0.032609 
0.062857 0.377143 0.028571 0.062857 0.034286 0.234286 0.057143 0.051429 0.040000 0.051429 
0.055215 0.030675 0.030675 0.049080 0.030675 0.079755 0.036810 0.619632 0.036810 0.030675 
0.189944 0.173184 0.039106 0.234637 0.033520 0.072626 0.044693 0.039106 0.094972 0.078212 
0.090361 0.090361 0.042169 0.198795 0.030120 0.072289 0.192771 0.138554 0.084337 0.060241 
0.054878 0.079268 0.036585 0.237805 0.030488 0.146341 0.085366 0.231707 0.048780 0.048780 
0.421053 0.070175 0.029240 0.210526 0.058480 0.046784 0.029240 0.029240 0.070175 0.035088 
0.042169 0.078313 0.030120 0.036145 0.048193 0.048193 0.042169 0.066265 0.554217 0.054217 
0.040936 0.081871 0.029240 0.450292 0.040936 0.070175 0.157895 0.040936 0.052632 0.035088 
0.127907 0.034884 0.034884 0.470930 0.029070 0.098837 0.040698 0.063953 0.063953 0.034884 
0.052632 0.092105 0.059211 0.203947 0.039474 0.111842 0.065789 0.282895 0.059211 0.032895 
0.406977 0.063953 0.029070 0.110465 0.029070 0.110465 0.075581 0.040698 0.058140 0.075581 
0.114943 0.068966 0.057471 0.080460 0.057471 0.068966 0.068966 0.068966 0.206897 0.206897 
0.152941 0.117647 0.029412 0.100000 0.035294 0.052941 0.135294 0.052941 0.282353 0.041176 
0.081871 0.093567 0.046784 0.093567 0.035088 0.081871 0.058480 0.391813 0.046784 0.070175 
0.111111 0.067901 0.043210 0.129630 0.037037 0.074074 0.432099 0.043210 0.030864 0.030864 
0.057692 0.064103 0.038462 0.423077 0.057692 0.051282 0.166667 0.044872 0.051282 0.044872 
0.162500 0.181250 0.062500 0.050000 0.068750 0.087500 0.043750 0.243750 0.037500 0.062500 
0.154286 0.148571 0.040000 0.222857 0.085714 0.114286 0.045714 0.114286 0.045714 0.028571 
0.062176 0.181347 0.036269 0.051813 0.031088 0.056995 0.326425 0.098446 0.124352 0.031088 
0.171271 0.149171 0.027624 0.143646 0.049724 0.088398 0.044199 0.027624 0.270718 0.027624 
0.218750 0.098958 0.026042 0.041667 0.036458 0.109375 0.145833 0.046875 0.244792 0.031250 
0.142012 0.082840 0.035503 0.076923 0.053254 0.053254 0.384615 0.059172 0.065089 0.047337 
0.157635 0.088670 0.029557 0.231527 0.039409 0.024631 0.044335 0.088670 0.261084 0.034483 
0.061728 0.074074 0.037037 0.098765 0.030864 0.055556 0.512346 0.043210 0.049383 0.037037 
0.093897 0.328638 0.023474 0.037559 0.032864 0.075117 0.215962 0.056338 0.112676 0.023474 
0.070175 0.040936 0.040936 0.058480 0.052632 0.140351 0.385965 0.128655 0.046784 0.035088 
0.074468 0.143617 0.026596 0.303191 0.031915 0.079787 0.069149 0.164894 0.069149 0.037234 
0.056180 0.073034 0.039326 0.117978 0.028090 0.146067 0.280899 0.185393 0.033708 0.039326 
0.087432 0.060109 0.032787 0.224044 0.038251 0.054645 0.355191 0.060109 0.038251 0.049180 
0.188406 0.140097 0.028986 0.169082 0.028986 0.077295 0.053140 0.048309 0.241546 0.024155 
0.036649 0.240838 0.041885 0.041885 0.036649 0.130890 0.230366 0.062827 0.146597 0.031414 
0.042683 0.067073 0.048780 0.042683 0.042683 0.158537 0.036585 0.414634 0.036585 0.109756 
0.051724 0.045977 0.034483 0.103448 0.045977 0.040230 0.477011 0.063218 0.091954 0.045977 
0.089947 0.206349 0.031746 0.074074 0.121693 0.042328 0.058201 0.259259 0.084656 0.031746 
0.051724 0.045977 0.057471 0.293103 0.045977 0.206897 0.103448 0.057471 0.068966 0.068966 
0.372340 0.095745 0.031915 0.074468 0.063830 0.058511 0.079787 0.042553 0.143617 0.037234 
0.050633 0.132911 0.101266 0.303797 0.050633 0.075949 0.082278 0.107595 0.044304 0.050633 
0.280220 0.148352 0.032967 0.208791 0.038462 0.071429 0.082418 0.032967 0.065934 0.038462 
0.039326 0.157303 0.028090 0.044944 0.044944 0.280899 0.039326 0.280899 0.044944 0.039326 
0.124324 0.216216 0.032432 0.064865 0.027027 0.281081 0.027027 0.043243 0.145946 0.037838 
0.052356 0.041885 0.026178 0.078534 0.036649 0.036649 0.031414 0.047120 0.586387 0.062827 
0.039474 0.039474 0.021930 0.065789 0.039474 0.052632 0.083333 0.061404 0.565789 0.030702 
0.043956 0.038462 0.032967 0.038462 0.071429 0.060440 0.076923 0.560440 0.027473 0.049451 
0.081967 0.136612 0.038251 0.081967 0.043716 0.065574 0.054645 0.027322 0.409836 0.060109 
0.061798 0.117978 0.067416 0.056180 0.044944 0.101124 0.123596 0.280899 0.089888 0.056180 
0.058824 0.058824 0.026738 0.058824 0.053476 0.064171 0.491979 0.069519 0.074866 0.042781 
0.031746 0.100529 0.031746 0.142857 0.042328 0.063492 0.444444 0.068783 0.042328 0.031746 
0.033149 0.082873 0.060773 0.121547 0.077348 0.077348 0.392265 0.055249 0.038674 0.060773 
0.075676 0.118919 0.027027 0.151351 0.037838 0.037838 0.394595 0.075676 0.043243 0.037838 
0.065217 0.092391 0.065217 0.070652 0.076087 0.103261 0.369565 0.081522 0.038043 0.038043 
0.087719 0.076023 0.040936 0.116959 0.070175 0.040936 0.403509 0.040936 0.076023 0.046784 
0.659898 0.035533 0.025381 0.050761 0.025381 0.035533 0.040609 0.025381 0.071066 0.030457 
0.067416 0.078652 0.033708 0.134831 0.033708 0.095506 0.393258 0.101124 0.033708 0.028090 
0.100000 0.075000 0.200000 0.058333 0.075000 0.050000 0.066667 0.041667 0.075000 0.258333 
0.190698 0.144186 0.037209 0.144186 0.023256 0.120930 0.130233 0.027907 0.144186 0.037209 
0.071429 0.214286 0.025510 0.122449 0.035714 0.040816 0.336735 0.056122 0.071429 0.025510 
0.045455 0.051136 0.034091 0.443182 0.051136 0.039773 0.198864 0.056818 0.045455 0.034091 
0.137441 0.061611 0.033175 0.033175 0.037915 0.052133 0.033175 0.033175 0.545024 0.033175 
0.136364 0.090909 0.030303 0.040404 0.040404 0.075758 0.045455 0.030303 0.474747 0.035354 
0.055556 0.565657 0.030303 0.040404 0.030303 0.045455 0.121212 0.055556 0.030303 0.025253 
0.046632 0.181347 0.036269 0.036269 0.046632 0.036269 0.046632 0.362694 0.170984 0.036269 
0.104972 0.044199 0.033149 0.502762 0.027624 0.066298 0.049724 0.093923 0.044199 0.033149 
0.113300 0.029557 0.029557 0.147783 0.029557 0.039409 0.044335 0.024631 0.512315 0.029557 
0.150754 0.120603 0.030151 0.110553 0.025126 0.055276 0.080402 0.040201 0.351759 0.035176 
0.152174 0.097826 0.043478 0.130435 0.038043 0.260870 0.038043 0.135870 0.054348 0.048913 
0.108911 0.059406 0.034653 0.470297 0.024752 0.123762 0.034653 0.034653 0.079208 0.029703 
0.202970 0.049505 0.034653 0.168317 0.034653 0.168317 0.069307 0.024752 0.217822 0.029703 
0.097561 0.156098 0.029268 0.063415 0.024390 0.082927 0.395122 0.078049 0.048780 0.024390 
0.039801 0.094527 0.024876 0.074627 0.029851 0.024876 0.582090 0.039801 0.059701 0.029851 
0.025773 0.041237 0.025773 0.041237 0.046392 0.247423 0.128866 0.381443 0.025773 0.036082 
0.089005 0.099476 0.036649 0.209424 0.031414 0.052356 0.277487 0.099476 0.062827 0.041885 
0.168950 0.041096 0.036530 0.109589 0.054795 0.022831 0.059361 0.036530 0.433790 0.036530 
0.608491 0.028302 0.023585 0.033019 0.033019 0.051887 0.047170 0.037736 0.099057 0.037736 
0.120879 0.049451 0.043956 0.153846 0.076923 0.082418 0.307692 0.093407 0.027473 0.043956 
0.184080 0.034826 0.054726 0.034826 0.029851 0.412935 0.089552 0.049751 0.039801 0.069652 
0.053140 0.048309 0.053140 0.115942 0.038647 0.072464 0.439614 0.053140 0.072464 0.053140 
0.065990 0.045685 0.045685 0.137056 0.071066 0.050761 0.365482 0.096447 0.055838 0.065990 
0.071795 0.056410 0.030769 0.384615 0.041026 0.051282 0.235897 0.051282 0.046154 0.030769 
0.140187 0.126168 0.023364 0.158879 0.037383 0.032710 0.149533 0.042056 0.266355 0.023364 
0.044335 0.098522 0.034483 0.389163 0.039409 0.044335 0.073892 0.182266 0.054187 0.039409 
0.370732 0.043902 0.039024 0.053659 0.043902 0.039024 0.126829 0.048780 0.185366 0.048780 
0.733624 0.021834 0.030568 0.026201 0.030568 0.034934 0.034934 0.034934 0.026201 0.026201 
0.035714 0.526786 0.022321 0.080357 0.049107 0.049107 0.066964 0.084821 0.053571 0.031250 
0.049751 0.159204 0.024876 0.044776 0.039801 0.104478 0.034826 0.029851 0.482587 0.029851 
0.110497 0.099448 0.082873 0.116022 0.038674 0.154696 0.055249 0.215470 0.049724 0.077348 
0.067308 0.048077 0.028846 0.081731 0.038462 0.048077 0.562500 0.048077 0.048077 0.028846 
0.056604 0.094340 0.023585 0.094340 0.033019 0.075472 0.452830 0.047170 0.099057 0.023585 
0.068293 0.248780 0.029268 0.068293 0.043902 0.063415 0.200000 0.180488 0.068293 0.029268 
0.089686 0.143498 0.022422 0.188341 0.035874 0.116592 0.035874 0.031390 0.300448 0.035874 
0.152778 0.120370 0.023148 0.101852 0.023148 0.064815 0.421296 0.032407 0.037037 0.023148 
0.047120 0.204188 0.068063 0.036649 0.052356 0.073298 0.240838 0.041885 0.162304 0.073298 
0.058824 0.102941 0.024510 0.279412 0.034314 0.058824 0.181373 0.053922 0.181373 0.024510 
0.076923 0.112821 0.025641 0.102564 0.025641 0.071795 0.466667 0.056410 0.035897 0.025641 
0.045918 0.275510 0.030612 0.071429 0.056122 0.071429 0.229592 0.158163 0.030612 0.030612 
0.126263 0.065657 0.055556 0.292929 0.030303 0.030303 0.075758 0.227273 0.045455 0.050505 
0.082126 0.077295 0.024155 0.497585 0.028986 0.043478 0.144928 0.033816 0.028986 0.038647 
0.041885 0.172775 0.057592 0.036649 0.078534 0.083770 0.251309 0.031414 0.172775 0.073298 
0.160714 0.071429 0.084821 0.406250 0.031250 0.058036 0.035714 0.084821 0.031250 0.035714 
0.053659 0.058537 0.034146 0.087805 0.063415 0.068293 0.434146 0.053659 0.087805 0.058537 
0.072398 0.434389 0.027149 0.049774 0.027149 0.122172 0.067873 0.144796 0.027149 0.027149 
0.042553 0.047872 0.042553 0.292553 0.047872 0.154255 0.234043 0.026596 0.047872 0.063830 
0.052381 0.095238 0.023810 0.104762 0.057143 0.057143 0.276190 0.057143 0.242857 0.033333 
0.135266 0.135266 0.028986 0.062802 0.062802 0.270531 0.057971 0.169082 0.048309 0.028986 
0.045662 0.041096 0.036530 0.502283 0.036530 0.059361 0.155251 0.036530 0.054795 0.031963 
0.293269 0.187500 0.067308 0.038462 0.038462 0.110577 0.028846 0.062500 0.115385 0.057692 
0.053476 0.048128 0.058824 0.080214 0.058824 0.053476 0.069519 0.465241 0.058824 0.053476 
0.072650 0.252137 0.025641 0.038462 0.034188 0.034188 0.183761 0.277778 0.051282 0.029915 
0.123404 0.365957 0.025532 0.038298 0.025532 0.059574 0.136170 0.178723 0.025532 0.021277 
0.058824 0.078431 0.039216 0.102941 0.029412 0.264706 0.308824 0.053922 0.034314 0.029412 
0.086486 0.102703 0.097297 0.081081 0.048649 0.135135 0.097297 0.210811 0.059459 0.081081 
0.114428 0.134328 0.034826 0.273632 0.039801 0.194030 0.049751 0.054726 0.049751 0.054726 
0.037559 0.032864 0.070423 0.070423 0.037559 0.075117 0.154930 0.389671 0.070423 0.061033 
0.049020 0.044118 0.058824 0.078431 0.039216 0.137255 0.313725 0.137255 0.078431 0.063725 
0.066327 0.051020 0.051020 0.132653 0.040816 0.066327 0.255102 0.239796 0.035714 0.061224 
0.048035 0.314410 0.021834 0.039301 0.034934 0.161572 0.253275 0.039301 0.056769 0.030568 
0.252174 0.078261 0.082609 0.030435 0.052174 0.256522 0.039130 0.030435 0.082609 0.095652 
0.568548 0.036290 0.028226 0.040323 0.048387 0.048387 0.044355 0.064516 0.076613 0.044355 
0.055556 0.055556 0.046296 0.203704 0.050926 0.092593 0.300926 0.060185 0.097222 0.037037 
0.105769 0.048077 0.033654 0.125000 0.100962 0.048077 0.389423 0.028846 0.081731 0.038462 
0.046948 0.295775 0.023474 0.159624 0.023474 0.093897 0.117371 0.093897 0.112676 0.032864 
0.045918 0.127551 0.045918 0.193878 0.035714 0.045918 0.301020 0.112245 0.061224 0.030612 
0.057692 0.153846 0.062500 0.038462 0.072115 0.153846 0.043269 0.326923 0.048077 0.043269 
0.031447 0.213836 0.201258 0.037736 0.264151 0.037736 0.031447 0.050314 0.044025 0.088050 
0.036364 0.059091 0.027273 0.100000 0.045455 0.068182 0.286364 0.295455 0.054545 0.027273 
0.033333 0.138095 0.033333 0.080952 0.033333 0.052381 0.228571 0.295238 0.052381 0.052381 
0.078341 0.087558 0.027650 0.248848 0.027650 0.082949 0.244240 0.027650 0.096774 0.078341 
0.111650 0.082524 0.063107 0.043689 0.043689 0.359223 0.038835 0.058252 0.097087 0.101942 
0.100000 0.161905 0.033333 0.071429 0.042857 0.057143 0.361905 0.109524 0.028571 0.033333 
0.120192 0.105769 0.028846 0.120192 0.038462 0.096154 0.100962 0.293269 0.057692 0.038462 
0.115942 0.072464 0.038647 0.352657 0.033816 0.062802 0.169082 0.067633 0.043478 0.043478 
0.057692 0.057692 0.205128 0.032051 0.096154 0.070513 0.044872 0.064103 0.121795 0.250000 
0.109091 0.127273 0.022727 0.095455 0.031818 0.190909 0.268182 0.040909 0.072727 0.040909 
0.116379 0.051724 0.025862 0.551724 0.021552 0.021552 0.090517 0.047414 0.043103 0.030172 
0.071130 0.430962 0.029289 0.129707 0.020921 0.087866 0.054393 0.041841 0.104603 0.029289 
0.047009 0.132479 0.034188 0.380342 0.029915 0.136752 0.051282 0.123932 0.038462 0.025641 
0.350962 0.048077 0.033654 0.096154 0.062500 0.110577 0.120192 0.033654 0.081731 0.062500 
0.026316 0.508772 0.048246 0.083333 0.052632 0.030702 0.052632 0.105263 0.070175 0.021930 
0.119149 0.042553 0.034043 0.200000 0.119149 0.148936 0.191489 0.038298 0.059574 0.046809 
0.079439 0.112150 0.037383 0.102804 0.051402 0.186916 0.060748 0.257009 0.056075 0.056075 
0.091304 0.073913 0.034783 0.143478 0.034783 0.069565 0.417391 0.043478 0.065217 0.026087 
0.106977 0.218605 0.027907 0.060465 0.023256 0.023256 0.279070 0.079070 0.139535 0.041860 
0.150000 0.090909 0.040909 0.040909 0.063636 0.127273 0.077273 0.054545 0.327273 0.027273 
0.064655 0.086207 0.021552 0.508621 0.025862 0.034483 0.125000 0.068966 0.030172 0.034483 
0.098131 0.093458 0.028037 0.331776 0.037383 0.065421 0.042056 0.224299 0.056075 0.023364 
0.107477 0.051402 0.023364 0.130841 0.028037 0.060748 0.485981 0.028037 0.056075 0.028037 
0.197248 0.036697 0.041284 0.362385 0.073394 0.073394 0.059633 0.036697 0.082569 0.036697 
0.056818 0.079545 0.147727 0.125000 0.102273 0.181818 0.073864 0.085227 0.068182 0.079545 
0.041284 0.146789 0.027523 0.100917 0.041284 0.279817 0.022936 0.261468 0.041284 0.036697 
0.050459 0.110092 0.041284 0.091743 0.032110 0.339450 0.027523 0.247706 0.032110 0.027523 
0.127907 0.054264 0.023256 0.519380 0.023256 0.031008 0.077519 0.027132 0.089147 0.027132 
0.028708 0.086124 0.038278 0.387560 0.038278 0.047847 0.081340 0.119617 0.124402 0.047847 
0.085973 0.294118 0.036199 0.031674 0.027149 0.076923 0.040724 0.031674 0.334842 0.040724 
0.073593 0.147186 0.034632 0.095238 0.030303 0.038961 0.138528 0.329004 0.069264 0.043290 
0.097345 0.141593 0.057522 0.278761 0.066372 0.097345 0.084071 0.079646 0.057522 0.039823 
0.061905 0.042857 0.057143 0.190476 0.066667 0.176190 0.061905 0.233333 0.033333 0.076190 
0.046414 0.067511 0.029536 0.303797 0.046414 0.037975 0.236287 0.135021 0.067511 0.029536 
0.047393 0.388626 0.028436 0.028436 0.042654 0.071090 0.052133 0.241706 0.066351 0.033175 
0.236842 0.065789 0.035088 0.407895 0.026316 0.057018 0.039474 0.030702 0.065789 0.035088 
0.093023 0.144186 0.023256 0.032558 0.023256 0.176744 0.093023 0.348837 0.032558 0.032558 
0.052381 0.352381 0.047619 0.052381 0.033333 0.042857 0.023810 0.300000 0.028571 0.066667 
0.066667 0.062222 0.044444 0.182222 0.044444 0.080000 0.266667 0.128889 0.093333 0.031111 
0.039301 0.104803 0.030568 0.327511 0.039301 0.052402 0.209607 0.100437 0.061135 0.034934 
0.172249 0.038278 0.086124 0.057416 0.110048 0.244019 0.047847 0.105263 0.062201 0.076555 
0.072034 0.169492 0.025424 0.063559 0.021186 0.199153 0.072034 0.313559 0.038136 0.025424 
0.075556 0.240000 0.022222 0.057778 0.031111 0.111111 0.066667 0.026667 0.337778 0.031111 
0.054299 0.072398 0.022624 0.307692 0.031674 0.049774 0.271493 0.099548 0.049774 0.040724 
0.037190 0.082645 0.028926 0.148760 0.020661 0.082645 0.301653 0.231405 0.041322 0.024793 
0.038627 0.107296 0.038627 0.304721 0.042918 0.064378 0.128755 0.193133 0.025751 0.055794 
0.026201 0.126638 0.034934 0.152838 0.026201 0.030568 0.340611 0.170306 0.056769 0.034934 
0.253659 0.029268 0.029268 0.092683 0.048780 0.195122 0.253659 0.034146 0.034146 0.029268 
0.044776 0.104478 0.134328 0.044776 0.104478 0.082090 0.119403 0.059701 0.044776 0.261194 
0.057325 0.063694 0.159236 0.031847 0.127389 0.070064 0.044586 0.171975 0.044586 0.229299 
0.044000 0.440000 0.028000 0.020000 0.028000 0.232000 0.048000 0.076000 0.048000 0.036000 
0.076271 0.288136 0.021186 0.122881 0.021186 0.038136 0.322034 0.038136 0.046610 0.025424 
0.154167 0.054167 0.029167 0.295833 0.029167 0.045833 0.216667 0.108333 0.041667 0.025000 
0.037915 0.118483 0.047393 0.094787 0.028436 0.109005 0.208531 0.274882 0.033175 0.047393 
0.174528 0.033019 0.033019 0.504717 0.023585 0.075472 0.033019 0.037736 0.042453 0.042453 
0.148472 0.034934 0.034934 0.432314 0.052402 0.078603 0.104803 0.034934 0.056769 0.021834 
0.064394 0.034091 0.018939 0.064394 0.018939 0.026515 0.060606 0.022727 0.666667 0.022727 
0.227074 0.039301 0.039301 0.113537 0.087336 0.061135 0.052402 0.144105 0.209607 0.026201 
0.054545 0.368182 0.045455 0.027273 0.027273 0.050000 0.077273 0.218182 0.090909 0.040909 
0.089888 0.441948 0.029963 0.022472 0.026217 0.161049 0.059925 0.052434 0.086142 0.029963 
0.060241 0.076305 0.036145 0.457831 0.024096 0.128514 0.092369 0.076305 0.024096 0.024096 
0.557522 0.106195 0.035398 0.030973 0.035398 0.048673 0.048673 0.030973 0.061947 0.044248 
0.074561 0.048246 0.021930 0.201754 0.035088 0.074561 0.385965 0.078947 0.052632 0.026316 
0.022124 0.075221 0.030973 0.026549 0.022124 0.212389 0.053097 0.035398 0.491150 0.030973 
0.222222 0.241379 0.030651 0.187739 0.030651 0.026820 0.042146 0.045977 0.141762 0.030651 
0.046414 0.080169 0.037975 0.185654 0.033755 0.059072 0.443038 0.042194 0.042194 0.029536 
0.256705 0.122605 0.026820 0.352490 0.030651 0.061303 0.038314 0.034483 0.042146 0.034483 
0.041096 0.022831 0.073059 0.059361 0.054795 0.041096 0.050228 0.561644 0.050228 0.045662 
0.051163 0.046512 0.027907 0.241860 0.032558 0.093023 0.325581 0.102326 0.023256 0.055814 
0.088983 0.516949 0.021186 0.050847 0.021186 0.084746 0.131356 0.029661 0.033898 0.021186 
0.053922 0.098039 0.029412 0.210784 0.039216 0.083333 0.250000 0.063725 0.102941 0.068627 
0.060976 0.030488 0.073171 0.054878 0.048780 0.067073 0.042683 0.079268 0.036585 0.506098 
0.066946 0.033473 0.071130 0.577406 0.037657 0.041841 0.054393 0.041841 0.037657 0.037657 
0.766423 0.043796 0.021898 0.018248 0.021898 0.025547 0.029197 0.021898 0.029197 0.021898 
0.176471 0.257919 0.022624 0.099548 0.027149 0.162896 0.063348 0.117647 0.049774 0.022624 
0.086777 0.057851 0.041322 0.061983 0.066116 0.107438 0.409091 0.070248 0.074380 0.024793 
0.069767 0.298450 0.031008 0.023256 0.027132 0.073643 0.050388 0.104651 0.282946 0.038760 
0.125000 0.029167 0.029167 0.133333 0.025000 0.087500 0.370833 0.087500 0.087500 0.025000 
0.066406 0.050781 0.023438 0.187500 0.031250 0.039062 0.390625 0.105469 0.078125 0.027344 
0.079051 0.229249 0.043478 0.027668 0.059289 0.039526 0.035573 0.039526 0.395257 0.051383 
0.115207 0.092166 0.055300 0.105991 0.041475 0.133641 0.041475 0.069124 0.317972 0.027650 
0.193966 0.038793 0.021552 0.267241 0.056034 0.047414 0.150862 0.129310 0.073276 0.021552 
0.051502 0.115880 0.038627 0.184549 0.042918 0.103004 0.240343 0.094421 0.098712 0.030043 
0.047431 0.185771 0.023715 0.079051 0.023715 0.043478 0.415020 0.094862 0.059289 0.027668 
0.097826 0.094203 0.018116 0.115942 0.032609 0.050725 0.115942 0.018116 0.431159 0.025362 
0.038168 0.041985 0.019084 0.057252 0.022901 0.034351 0.606870 0.038168 0.114504 0.026718 
0.037657 0.062762 0.033473 0.309623 0.033473 0.104603 0.205021 0.154812 0.025105 0.033473 
0.101215 0.068826 0.048583 0.137652 0.060729 0.141700 0.048583 0.251012 0.076923 0.064777 
0.424490 0.028571 0.028571 0.138776 0.024490 0.077551 0.134694 0.061224 0.053061 0.028571 
0.059289 0.375494 0.031621 0.055336 0.031621 0.063241 0.039526 0.146245 0.173913 0.023715 
0.053435 0.064885 0.038168 0.087786 0.061069 0.030534 0.041985 0.064885 0.530534 0.026718 
0.801471 0.018382 0.022059 0.025735 0.029412 0.018382 0.022059 0.022059 0.022059 0.018382 
0.052174 0.073913 0.047826 0.356522 0.043478 0.095652 0.191304 0.060870 0.047826 0.030435 
0.666667 0.039683 0.031746 0.055556 0.027778 0.043651 0.047619 0.027778 0.027778 0.031746 
0.027888 0.067729 0.047809 0.043825 0.039841 0.107570 0.019920 0.585657 0.023904 0.035857 
0.027344 0.300781 0.019531 0.167969 0.019531 0.031250 0.335938 0.042969 0.031250 0.023438 
0.171171 0.027027 0.036036 0.072072 0.094595 0.085586 0.184685 0.036036 0.247748 0.045045 
0.106838 0.072650 0.029915 0.089744 0.068376 0.405983 0.042735 0.059829 0.076923 0.047009 
0.023256 0.060465 0.037209 0.241860 0.134884 0.120930 0.079070 0.083721 0.139535 0.079070 
0.047945 0.068493 0.239726 0.034247 0.102740 0.075342 0.075342 0.075342 0.054795 0.226027 
0.046218 0.163866 0.042017 0.243697 0.042017 0.075630 0.193277 0.113445 0.033613 0.046218 
0.150862 0.077586 0.056034 0.081897 0.099138 0.086207 0.288793 0.043103 0.090517 0.025862 
0.117647 0.435986 0.017301 0.034602 0.020761 0.176471 0.076125 0.041522 0.062284 0.017301 
0.625442 0.031802 0.017668 0.038869 0.031802 0.053004 0.045936 0.035336 0.088339 0.031802 
0.191729 0.093985 0.018797 0.421053 0.026316 0.067669 0.063910 0.056391 0.037594 0.022556 
0.133333 0.129630 0.025926 0.100000 0.025926 0.044444 0.440741 0.029630 0.048148 0.022222 
0.048583 0.076923 0.020243 0.194332 0.048583 0.105263 0.303644 0.068826 0.089069 0.044534 
0.145985 0.127737 0.018248 0.397810 0.018248 0.072993 0.058394 0.047445 0.087591 0.025547 
0.100000 0.216667 0.045833 0.062500 0.037500 0.075000 0.062500 0.308333 0.054167 0.037500 
0.085938 0.042969 0.019531 0.437500 0.031250 0.105469 0.074219 0.140625 0.039062 0.023438 
0.052632 0.125506 0.024291 0.226721 0.052632 0.056680 0.331984 0.052632 0.056680 0.020243 
0.042169 0.030120 0.168675 0.072289 0.198795 0.036145 0.222892 0.048193 0.042169 0.138554 
0.270492 0.102459 0.036885 0.122951 0.032787 0.061475 0.069672 0.032787 0.221311 0.049180 
0.060086 0.030043 0.025751 0.133047 0.072961 0.210300 0.077253 0.278970 0.064378 0.047210 
0.039216 0.065359 0.254902 0.032680 0.156863 0.084967 0.052288 0.117647 0.039216 0.156863 
0.066298 0.033149 0.209945 0.038674 0.077348 0.077348 0.055249 0.082873 0.033149 0.325967 
0.053571 0.128571 0.028571 0.096429 0.032143 0.028571 0.414286 0.067857 0.125000 0.025000 
0.804487 0.019231 0.028846 0.028846 0.019231 0.016026 0.022436 0.019231 0.019231 0.022436 
0.112727 0.258182 0.018182 0.163636 0.018182 0.101818 0.123636 0.043636 0.130909 0.029091 
0.035573 0.395257 0.031621 0.035573 0.047431 0.051383 0.035573 0.249012 0.067194 0.051383 
0.065134 0.149425 0.053640 0.057471 0.030651 0.218391 0.252874 0.057471 0.072797 0.042146 
0.188356 0.054795 0.017123 0.133562 0.023973 0.030822 0.085616 0.037671 0.407534 0.020548 
0.176923 0.073077 0.023077 0.392308 0.026923 0.080769 0.115385 0.019231 0.053846 0.038462 
0.036900 0.586716 0.018450 0.029520 0.022140 0.095941 0.077491 0.059041 0.051661 0.022140 
0.047619 0.087302 0.047619 0.087302 0.039683 0.091270 0.154762 0.293651 0.091270 0.059524 
0.076613 0.044355 0.028226 0.141129 0.052419 0.133065 0.358871 0.100806 0.036290 0.028226 
0.030488 0.146341 0.256098 0.030488 0.128049 0.060976 0.048780 0.042683 0.085366 0.170732 
0.487085 0.033210 0.036900 0.217712 0.022140 0.029520 0.029520 0.040590 0.081181 0.022140 
0.066667 0.037037 0.025926 0.122222 0.033333 0.100000 0.388889 0.140741 0.051852 0.033333 
0.081560 0.095745 0.028369 0.542553 0.028369 0.085106 0.028369 0.035461 0.049645 0.024823 
0.064846 0.129693 0.020478 0.146758 0.020478 0.047782 0.375427 0.034130 0.143345 0.017065 
0.085185 0.225926 0.022222 0.122222 0.018519 0.033333 0.037037 0.048148 0.381481 0.025926 
0.079051 0.051383 0.023715 0.185771 0.051383 0.110672 0.332016 0.071146 0.035573 0.059289 
0.099631 0.361624 0.029520 0.070111 0.025830 0.173432 0.062731 0.029520 0.125461 0.022140 
0.055944 0.314685 0.020979 0.111888 0.024476 0.178322 0.122378 0.041958 0.097902 0.031469 
0.108303 0.108303 0.018051 0.238267 0.021661 0.036101 0.111913 0.036101 0.303249 0.018051 
0.084746 0.224576 0.029661 0.194915 0.021186 0.072034 0.144068 0.118644 0.084746 0.025424 
0.078853 0.068100 0.021505 0.121864 0.035842 0.028674 0.164875 0.035842 0.405018 0.039427 
0.122677 0.096654 0.037175 0.535316 0.026022 0.029740 0.033457 0.063197 0.033457 0.022305 
0.430147 0.172794 0.018382 0.106618 0.018382 0.099265 0.058824 0.033088 0.033088 0.029412 
0.180505 0.155235 0.025271 0.198556 0.018051 0.083032 0.155235 0.036101 0.126354 0.021661 
0.054217 0.054217 0.277108 0.042169 0.084337 0.054217 0.042169 0.030120 0.150602 0.210843 
0.065359 0.509804 0.019608 0.032680 0.016340 0.039216 0.156863 0.098039 0.042484 0.019608 
0.049123 0.150877 0.035088 0.049123 0.066667 0.052632 0.070175 0.449123 0.042105 0.035088 
0.051095 0.127737 0.072993 0.018248 0.036496 0.072993 0.043796 0.054745 0.456204 0.065693 
0.063492 0.023810 0.027778 0.123016 0.126984 0.063492 0.123016 0.079365 0.325397 0.043651 
0.068345 0.046763 0.035971 0.050360 0.028777 0.165468 0.449640 0.075540 0.025180 0.053957 
0.031579 0.052632 0.017544 0.147368 0.031579 0.024561 0.031579 0.063158 0.578947 0.021053 
0.026923 0.030769 0.023077 0.550000 0.026923 0.046154 0.123077 0.096154 0.046154 0.030769 
0.045714 0.034286 0.337143 0.034286 0.102857 0.068571 0.040000 0.131429 0.034286 0.171429 
0.258555 0.049430 0.026616 0.064639 0.072243 0.224335 0.030418 0.125475 0.110266 0.038023 
0.076000 0.036000 0.036000 0.384000 0.036000 0.136000 0.176000 0.028000 0.040000 0.052000 
0.106061 0.041667 0.034091 0.534091 0.030303 0.132576 0.034091 0.030303 0.034091 0.022727 
0.076642 0.083942 0.018248 0.054745 0.262774 0.259124 0.062044 0.098540 0.058394 0.025547 
0.043243 0.054054 0.291892 0.118919 0.097297 0.075676 0.032432 0.070270 0.027027 0.189189 
0.059041 0.033210 0.025830 0.121771 0.036900 0.084871 0.442804 0.029520 0.143911 0.022140 
0.040892 0.048327 0.018587 0.587361 0.040892 0.066914 0.033457 0.066914 0.066914 0.029740 
0.097792 0.100946 0.028391 0.025237 0.025237 0.088328 0.350158 0.028391 0.230284 0.025237 
0.091954 0.034483 0.030651 0.494253 0.042146 0.107280 0.107280 0.038314 0.026820 0.026820 
0.125000 0.060606 0.026515 0.375000 0.049242 0.068182 0.087121 0.026515 0.151515 0.030303 
0.055336 0.090909 0.027668 0.505929 0.019763 0.039526 0.063241 0.086957 0.075099 0.035573 
0.122034 0.098305 0.016949 0.511864 0.023729 0.030508 0.067797 0.030508 0.074576 0.023729 
0.057348 0.057348 0.021505 0.118280 0.021505 0.060932 0.555556 0.046595 0.028674 0.032258 
0.040268 0.046980 0.194631 0.201342 0.073826 0.040268 0.073826 0.060403 0.040268 0.228188 
0.084175 0.164983 0.016835 0.030303 0.023569 0.117845 0.030303 0.040404 0.468013 0.023569 
0.033149 0.104972 0.066298 0.033149 0.071823 0.055249 0.027624 0.088398 0.044199 0.475138 
0.037313 0.052239 0.037313 0.246269 0.022388 0.074627 0.429104 0.026119 0.033582 0.041045 
0.063433 0.055970 0.033582 0.268657 0.037313 0.037313 0.421642 0.022388 0.026119 0.033582 
0.066282 0.048991 0.017291 0.083573 0.028818 0.017291 0.210375 0.023055 0.484150 0.020173 
0.105455 0.065455 0.050909 0.087273 0.029091 0.229091 0.221818 0.090909 0.094545 0.025455 
0.140065 0.052117 0.016287 0.078176 0.039088 0.042345 0.097720 0.019544 0.488599 0.026059 
0.058036 0.071429 0.098214 0.040179 0.080357 0.035714 0.031250 0.066964 0.200893 0.316964 
0.100694 0.020833 0.017361 0.378472 0.020833 0.034722 0.041667 0.020833 0.336806 0.027778 
0.070552 0.536810 0.018405 0.033742 0.021472 0.199387 0.024540 0.021472 0.036810 0.036810 
0.046099 0.056738 0.021277 0.127660 0.028369 0.095745 0.510638 0.053191 0.042553 0.017730 
0.038462 0.032967 0.318681 0.049451 0.104396 0.043956 0.252747 0.027473 0.027473 0.104396 
0.084211 0.042105 0.035088 0.094737 0.052632 0.189474 0.021053 0.347368 0.091228 0.042105 
0.091803 0.045902 0.022951 0.045902 0.029508 0.445902 0.026230 0.108197 0.160656 0.022951 
0.116981 0.037736 0.041509 0.128302 0.139623 0.101887 0.158491 0.033962 0.196226 0.045283 
0.079422 0.039711 0.039711 0.519856 0.032491 0.104693 0.036101 0.050542 0.039711 0.057762 
0.531599 0.141264 0.022305 0.059480 0.018587 0.092937 0.018587 0.022305 0.074349 0.018587 
0.028881 0.046931 0.028881 0.039711 0.021661 0.050542 0.577617 0.126354 0.046931 0.032491 
0.017123 0.404110 0.047945 0.034247 0.078767 0.167808 0.044521 0.102740 0.047945 0.054795 
0.044444 0.262963 0.022222 0.044444 0.033333 0.059259 0.044444 0.051852 0.400000 0.037037 
0.055921 0.118421 0.026316 0.351974 0.026316 0.046053 0.108553 0.115132 0.134868 0.016447 
0.099206 0.063492 0.023810 0.027778 0.019841 0.039683 0.091270 0.039683 0.563492 0.031746 
0.044610 0.256506 0.022305 0.033457 0.037175 0.055762 0.052045 0.037175 0.416357 0.044610 
0.071161 0.052434 0.029963 0.086142 0.063670 0.149813 0.445693 0.041199 0.029963 0.029963 
0.076125 0.415225 0.031142 0.152249 0.017301 0.089965 0.031142 0.086505 0.083045 0.017301 
0.038314 0.095785 0.072797 0.026820 0.049808 0.505747 0.042146 0.065134 0.049808 0.053640 
0.205479 0.065068 0.023973 0.071918 0.030822 0.321918 0.044521 0.174658 0.027397 0.034247 
