0.075301 0.099398 0.099398 0.280120 0.183735 0.099398 0.075301 0.087349 
0.106322 0.094828 0.094828 0.152299 0.313218 0.083333 0.083333 0.071839 
0.075301 0.123494 0.135542 0.123494 0.147590 0.087349 0.111446 0.195783 
0.071023 0.071023 0.093750 0.207386 0.071023 0.218750 0.082386 0.184659 
0.083333 0.163793 0.117816 0.152299 0.175287 0.094828 0.117816 0.094828 
0.060096 0.108173 0.079327 0.117788 0.098558 0.367788 0.060096 0.108173 
0.090659 0.068681 0.156593 0.123626 0.090659 0.068681 0.090659 0.310440 
0.061881 0.081683 0.329208 0.091584 0.190594 0.071782 0.061881 0.111386 
0.077957 0.099462 0.077957 0.250000 0.228495 0.088710 0.067204 0.110215 
0.056306 0.083333 0.119369 0.245495 0.056306 0.128378 0.056306 0.254505 
0.060924 0.086134 0.161765 0.237395 0.212185 0.077731 0.069328 0.094538 
0.071782 0.101485 0.339109 0.150990 0.061881 0.081683 0.081683 0.111386 
0.079060 0.070513 0.113248 0.138889 0.087607 0.061966 0.053419 0.395299 
0.063131 0.123737 0.093434 0.123737 0.396465 0.063131 0.063131 0.073232 
0.101240 0.175620 0.076446 0.059917 0.373967 0.084711 0.076446 0.051653 
0.095794 0.105140 0.114486 0.123832 0.077103 0.320093 0.067757 0.095794 
0.052521 0.069328 0.111345 0.086134 0.052521 0.119748 0.052521 0.455882 
0.053879 0.088362 0.459052 0.062500 0.053879 0.131466 0.062500 0.088362 
0.056306 0.191441 0.236486 0.092342 0.074324 0.209459 0.083333 0.056306 
0.054348 0.089130 0.089130 0.089130 0.123913 0.228261 0.054348 0.271739 
0.057870 0.104167 0.363426 0.178241 0.057870 0.094907 0.057870 0.085648 
0.064732 0.091518 0.404018 0.064732 0.109375 0.073661 0.082589 0.109375 
0.061966 0.173077 0.070513 0.130342 0.335470 0.079060 0.070513 0.079060 
0.053879 0.079741 0.096983 0.062500 0.088362 0.433190 0.053879 0.131466 
0.142157 0.122549 0.122549 0.122549 0.122549 0.122549 0.122549 0.122549 
0.122549 0.122549 0.122549 0.122549 0.122549 0.122549 0.142157 0.122549 
0.077731 0.144958 0.237395 0.203782 0.086134 0.086134 0.060924 0.102941 
0.077083 0.118750 0.052083 0.093750 0.418750 0.102083 0.068750 0.068750 
0.077083 0.135417 0.060417 0.060417 0.443750 0.085417 0.077083 0.060417 
0.077731 0.102941 0.111345 0.102941 0.136555 0.321429 0.060924 0.086134 
0.059917 0.092975 0.109504 0.332645 0.150826 0.109504 0.051653 0.092975 
0.053419 0.130342 0.053419 0.147436 0.207265 0.173077 0.130342 0.104701 
0.053879 0.200431 0.114224 0.157328 0.079741 0.191810 0.062500 0.140086 
0.097826 0.106522 0.271739 0.089130 0.063043 0.193478 0.097826 0.080435 
0.047710 0.085878 0.421756 0.070611 0.055344 0.085878 0.055344 0.177481 
0.054511 0.062030 0.092105 0.295113 0.069549 0.144737 0.046992 0.234962 
0.075820 0.165984 0.141393 0.165984 0.084016 0.165984 0.100410 0.100410 
0.083333 0.091463 0.424797 0.083333 0.083333 0.091463 0.075203 0.067073 
0.126712 0.140411 0.113014 0.140411 0.113014 0.154110 0.099315 0.113014 
0.065476 0.168651 0.073413 0.105159 0.057540 0.382937 0.049603 0.097222 
0.084016 0.133197 0.223361 0.075820 0.059426 0.321721 0.051230 0.051230 
0.104701 0.070513 0.155983 0.138889 0.061966 0.087607 0.061966 0.318376 
0.045620 0.052920 0.468978 0.125912 0.082117 0.118613 0.045620 0.060219 
0.063462 0.048077 0.078846 0.448077 0.140385 0.055769 0.055769 0.109615 
0.071154 0.055769 0.063462 0.086538 0.109615 0.086538 0.078846 0.448077 
0.056202 0.063953 0.133721 0.428295 0.048450 0.071705 0.063953 0.133721 
0.055769 0.063462 0.063462 0.194231 0.078846 0.071154 0.078846 0.394231 
0.062500 0.145833 0.115530 0.138258 0.312500 0.092803 0.047348 0.085227 
0.061567 0.173507 0.083955 0.106343 0.345149 0.061567 0.076493 0.091418 
0.074275 0.067029 0.335145 0.088768 0.059783 0.219203 0.045290 0.110507 
0.041118 0.093750 0.199013 0.047697 0.251645 0.192434 0.080592 0.093750 
0.051786 0.116071 0.066071 0.208929 0.151786 0.237500 0.058929 0.108929 
0.057087 0.120079 0.112205 0.309055 0.057087 0.214567 0.049213 0.080709 
0.049213 0.127953 0.104331 0.316929 0.049213 0.222441 0.057087 0.072835 
0.059783 0.052536 0.197464 0.059783 0.096014 0.204710 0.067029 0.262681 
0.074818 0.111314 0.242701 0.074818 0.133212 0.067518 0.169708 0.125912 
0.045956 0.075368 0.259191 0.170956 0.156250 0.112132 0.060662 0.119485 
0.071705 0.079457 0.180233 0.304264 0.156977 0.056202 0.063953 0.087209 
0.107456 0.142544 0.151316 0.195175 0.098684 0.098684 0.098684 0.107456 
0.067029 0.125000 0.255435 0.103261 0.153986 0.175725 0.045290 0.074275 
0.064961 0.088583 0.072835 0.112205 0.080709 0.442913 0.049213 0.088583 
0.048333 0.108333 0.075000 0.241667 0.315000 0.061667 0.041667 0.108333 
0.043706 0.435315 0.050699 0.162587 0.078671 0.127622 0.043706 0.057692 
0.074000 0.082000 0.098000 0.226000 0.106000 0.130000 0.122000 0.162000 
0.066071 0.073214 0.087500 0.130357 0.380357 0.094643 0.080357 0.087500 
0.125000 0.197464 0.103261 0.081522 0.117754 0.182971 0.074275 0.117754 
0.048658 0.162752 0.075503 0.075503 0.458054 0.062081 0.055369 0.062081 
0.045956 0.097426 0.178309 0.185662 0.244485 0.112132 0.053309 0.082721 
0.044326 0.093972 0.427305 0.115248 0.065603 0.072695 0.072695 0.108156 
0.062925 0.056122 0.382653 0.110544 0.103741 0.110544 0.069728 0.103741 
0.052885 0.443910 0.072115 0.078526 0.174679 0.059295 0.046474 0.072115 
0.045956 0.053309 0.398897 0.200368 0.068015 0.112132 0.045956 0.075368 
0.070690 0.091379 0.250000 0.174138 0.050000 0.125862 0.091379 0.146552 
0.074503 0.127483 0.048013 0.127483 0.385762 0.061258 0.100993 0.074503 
0.081126 0.081126 0.067881 0.299669 0.213576 0.074503 0.094371 0.087748 
0.044753 0.310185 0.050926 0.044753 0.223765 0.211420 0.063272 0.050926 
0.137218 0.062030 0.197368 0.114662 0.054511 0.054511 0.077068 0.302632 
0.054636 0.074503 0.518212 0.054636 0.054636 0.074503 0.041391 0.127483 
0.096715 0.052920 0.198905 0.096715 0.060219 0.162409 0.082117 0.250000 
0.041667 0.081667 0.295000 0.095000 0.148333 0.201667 0.068333 0.068333 
0.054276 0.041118 0.100329 0.205592 0.080592 0.067434 0.060855 0.389803 
0.267157 0.071078 0.071078 0.061275 0.120098 0.100490 0.188725 0.120098 
0.048013 0.087748 0.312914 0.087748 0.094371 0.180464 0.074503 0.114238 
0.061567 0.106343 0.143657 0.098881 0.054104 0.412313 0.054104 0.069030 
0.058468 0.090726 0.235887 0.090726 0.066532 0.284274 0.106855 0.066532 
0.106855 0.074597 0.122984 0.090726 0.090726 0.058468 0.114919 0.340726 
0.044326 0.413121 0.065603 0.221631 0.058511 0.072695 0.058511 0.065603 
0.058511 0.115248 0.093972 0.072695 0.115248 0.377660 0.072695 0.093972 
0.057453 0.045031 0.535714 0.100932 0.088509 0.063665 0.057453 0.051242 
0.056897 0.084483 0.201724 0.112069 0.050000 0.236207 0.050000 0.208621 
0.064236 0.057292 0.404514 0.161458 0.078125 0.147569 0.043403 0.043403 
0.049401 0.067365 0.205090 0.199102 0.103293 0.121257 0.055389 0.199102 
0.047688 0.059249 0.486994 0.082370 0.157514 0.070809 0.036127 0.059249 
0.048013 0.081126 0.074503 0.213576 0.379139 0.067881 0.067881 0.067881 
0.084483 0.098276 0.339655 0.070690 0.139655 0.132759 0.091379 0.043103 
0.040850 0.080065 0.119281 0.066993 0.132353 0.367647 0.053922 0.138889 
0.050699 0.113636 0.239510 0.092657 0.085664 0.267483 0.078671 0.071678 
0.055743 0.055743 0.170608 0.109797 0.055743 0.427365 0.062500 0.062500 
0.050699 0.064685 0.512238 0.057692 0.064685 0.148601 0.043706 0.057692 
0.046474 0.097756 0.315705 0.046474 0.168269 0.174679 0.065705 0.084936 
0.039062 0.070312 0.339062 0.082812 0.070312 0.201563 0.057813 0.139063 
0.095000 0.068333 0.128333 0.095000 0.061667 0.041667 0.135000 0.375000 
0.041908 0.330925 0.082370 0.169075 0.221098 0.065029 0.047688 0.041908 
0.080935 0.073741 0.232014 0.102518 0.246403 0.080935 0.131295 0.052158 
0.064685 0.106643 0.274476 0.078671 0.092657 0.204545 0.071678 0.106643 
0.042647 0.113235 0.083824 0.083824 0.372059 0.060294 0.054412 0.189706 
0.091379 0.070690 0.125862 0.118966 0.050000 0.077586 0.043103 0.422414 
0.069444 0.057099 0.310185 0.125000 0.044753 0.081790 0.069444 0.242284 
0.039062 0.145313 0.270313 0.101562 0.070312 0.251563 0.057813 0.064062 
0.046774 0.124194 0.214516 0.072581 0.059677 0.382258 0.040323 0.059677 
0.058908 0.064655 0.127874 0.363506 0.093391 0.058908 0.053161 0.179598 
0.090753 0.063356 0.166096 0.090753 0.227740 0.104452 0.131849 0.125000 
0.035920 0.064655 0.386494 0.116379 0.053161 0.208333 0.047414 0.087644 
0.041946 0.041946 0.343960 0.290268 0.062081 0.095638 0.041946 0.082215 
0.216019 0.070388 0.167476 0.070388 0.070388 0.128641 0.196602 0.080097 
0.051389 0.206944 0.112500 0.056944 0.395833 0.084722 0.040278 0.051389 
0.043675 0.206325 0.429217 0.049699 0.097892 0.067771 0.049699 0.055723 
0.036982 0.042899 0.042899 0.652367 0.048817 0.054734 0.036982 0.084320 
0.050926 0.149691 0.106481 0.229938 0.087963 0.100309 0.057099 0.217593 
0.062081 0.149329 0.048658 0.055369 0.397651 0.115772 0.088926 0.082215 
0.054636 0.061258 0.107616 0.061258 0.087748 0.471854 0.054636 0.100993 
0.038820 0.069876 0.212733 0.150621 0.057453 0.163043 0.051242 0.256211 
0.036550 0.059942 0.410819 0.048246 0.059942 0.159357 0.042398 0.182749 
0.072581 0.066129 0.362903 0.066129 0.104839 0.111290 0.111290 0.104839 
0.036337 0.135174 0.350291 0.181686 0.071221 0.123547 0.042151 0.059593 
0.039402 0.180707 0.104620 0.050272 0.061141 0.447011 0.033967 0.082880 
0.047143 0.075714 0.172857 0.475714 0.052857 0.064286 0.035714 0.075714 
0.038344 0.056748 0.050613 0.044479 0.044479 0.056748 0.044479 0.664110 
0.034916 0.325419 0.062849 0.202514 0.085196 0.174581 0.034916 0.079609 
0.037651 0.091867 0.260542 0.128012 0.109940 0.188253 0.085843 0.097892 
0.050305 0.050305 0.092988 0.135671 0.092988 0.282012 0.056402 0.239329 
0.054094 0.422515 0.036550 0.071637 0.077485 0.258772 0.042398 0.036550 
0.061747 0.079819 0.049699 0.079819 0.525602 0.067771 0.043675 0.091867 
0.042398 0.065789 0.153509 0.095029 0.083333 0.387427 0.048246 0.124269 
0.047965 0.146802 0.094477 0.094477 0.082849 0.402616 0.042151 0.088663 
0.055000 0.055000 0.061667 0.215000 0.055000 0.181667 0.055000 0.321667 
0.042151 0.513081 0.094477 0.100291 0.094477 0.036337 0.036337 0.082849 
0.103125 0.153125 0.115625 0.103125 0.253125 0.090625 0.103125 0.078125 
0.042647 0.272059 0.130882 0.113235 0.219118 0.136765 0.036765 0.048529 
0.089181 0.106725 0.048246 0.118421 0.054094 0.100877 0.048246 0.434211 
0.044753 0.106481 0.495370 0.106481 0.038580 0.106481 0.050926 0.050926 
0.072115 0.072115 0.136218 0.052885 0.078526 0.475962 0.046474 0.065705 
0.107813 0.126562 0.057813 0.207813 0.057813 0.051562 0.064062 0.326562 
0.052857 0.150000 0.087143 0.110000 0.087143 0.207143 0.087143 0.218571 
0.042746 0.089378 0.172280 0.167098 0.296632 0.084197 0.037565 0.110104 
0.034530 0.150552 0.067680 0.200276 0.277624 0.139503 0.073204 0.056630 
0.037760 0.220052 0.183594 0.225260 0.209635 0.048177 0.032552 0.042969 
0.060651 0.131657 0.421598 0.066568 0.084320 0.107988 0.060651 0.066568 
0.045567 0.282020 0.040640 0.065271 0.213054 0.247537 0.035714 0.070197 
0.038580 0.063272 0.458333 0.069444 0.106481 0.131173 0.050926 0.081790 
0.038732 0.080986 0.282864 0.381455 0.080986 0.043427 0.029343 0.062207 
0.048246 0.065789 0.387427 0.106725 0.065789 0.089181 0.065789 0.171053 
0.033245 0.091755 0.123670 0.171543 0.091755 0.288564 0.049202 0.150266 
0.057584 0.074438 0.360955 0.113764 0.051966 0.125000 0.040730 0.175562 
0.056011 0.061475 0.394809 0.105191 0.039617 0.219945 0.039617 0.083333 
0.035024 0.218599 0.044686 0.136473 0.276570 0.175121 0.035024 0.078502 
0.048429 0.048429 0.278796 0.205497 0.200262 0.048429 0.053665 0.116492 
0.074695 0.050305 0.062500 0.111280 0.056402 0.062500 0.111280 0.471037 
0.047414 0.081897 0.524425 0.053161 0.081897 0.116379 0.053161 0.041667 
0.033069 0.165344 0.059524 0.096561 0.064815 0.123016 0.107143 0.350529 
0.041667 0.058908 0.104885 0.099138 0.081897 0.403736 0.133621 0.076149 
0.038564 0.304521 0.059840 0.113032 0.272606 0.081117 0.070479 0.059840 
0.102848 0.064873 0.102848 0.102848 0.077532 0.381329 0.058544 0.109177 
0.034341 0.320055 0.100275 0.072802 0.127747 0.232143 0.056319 0.056319 
0.046348 0.063202 0.057584 0.220506 0.074438 0.080056 0.051966 0.405899 
0.039189 0.206757 0.050000 0.336486 0.179730 0.082432 0.066216 0.039189 
0.043194 0.048429 0.037958 0.069372 0.603403 0.069372 0.053665 0.074607 
0.032080 0.080752 0.080752 0.036504 0.585177 0.085177 0.032080 0.067478 
0.072802 0.067308 0.067308 0.050824 0.045330 0.072802 0.067308 0.556319 
0.045082 0.083333 0.094262 0.072404 0.482240 0.083333 0.061475 0.077869 
0.085674 0.085674 0.147472 0.181180 0.108146 0.068820 0.046348 0.276685 
0.038770 0.060160 0.509358 0.044118 0.108289 0.065508 0.102941 0.070856 
0.038360 0.054233 0.472222 0.080688 0.070106 0.128307 0.033069 0.123016 
0.066568 0.048817 0.433432 0.119822 0.048817 0.155325 0.048817 0.078402 
0.033784 0.098649 0.358108 0.152703 0.044595 0.147297 0.071622 0.093243 
0.050272 0.093750 0.419837 0.077446 0.055707 0.093750 0.099185 0.110054 
0.077485 0.095029 0.422515 0.059942 0.130117 0.100877 0.048246 0.065789 
0.031726 0.686548 0.036802 0.052030 0.046954 0.062183 0.036802 0.046954 
0.035112 0.051966 0.394663 0.057584 0.068820 0.226124 0.046348 0.119382 
0.243750 0.077083 0.060417 0.102083 0.135417 0.093750 0.235417 0.052083 
0.038372 0.215116 0.103488 0.238372 0.150000 0.159302 0.052326 0.043023 
0.036990 0.108418 0.338010 0.128827 0.133929 0.128827 0.047194 0.077806 
0.041193 0.080966 0.262784 0.075284 0.052557 0.393466 0.041193 0.052557 
0.039100 0.200237 0.029621 0.162322 0.427725 0.039100 0.058057 0.043839 
0.041667 0.132576 0.061869 0.127525 0.476010 0.051768 0.041667 0.066919 
0.036616 0.051768 0.193182 0.511364 0.036616 0.046717 0.041667 0.082071 
0.047927 0.063472 0.058290 0.141192 0.172280 0.084197 0.047927 0.384715 
0.040055 0.100829 0.062155 0.089779 0.062155 0.526243 0.051105 0.067680 
0.030788 0.168719 0.075123 0.040640 0.464286 0.153941 0.035714 0.030788 
0.036432 0.172111 0.086683 0.061558 0.418342 0.121859 0.041457 0.061558 
0.055707 0.137228 0.110054 0.224185 0.077446 0.131793 0.082880 0.180707 
0.035891 0.110149 0.030941 0.100248 0.060644 0.560644 0.035891 0.065594 
0.035891 0.219059 0.050743 0.120050 0.253713 0.228960 0.050743 0.040842 
0.035366 0.079268 0.445122 0.128049 0.059756 0.103659 0.035366 0.113415 
0.031095 0.070896 0.538557 0.090796 0.085821 0.085821 0.036070 0.060945 
0.032216 0.063144 0.125000 0.114691 0.047680 0.073454 0.088918 0.454897 
0.043194 0.100785 0.268325 0.100785 0.100785 0.210733 0.043194 0.132199 
0.042237 0.197489 0.065068 0.065068 0.348174 0.170091 0.069635 0.042237 
0.034198 0.689858 0.038915 0.048349 0.071934 0.034198 0.043632 0.038915 
0.045330 0.144231 0.320055 0.067308 0.067308 0.133242 0.116758 0.105769 
0.050995 0.185323 0.125622 0.205224 0.080846 0.070896 0.140547 0.140547 
0.049517 0.059179 0.440821 0.092995 0.049517 0.160628 0.078502 0.068841 
0.087563 0.046954 0.326142 0.046954 0.082487 0.224619 0.092640 0.092640 
0.047436 0.108974 0.201282 0.134615 0.062821 0.334615 0.042308 0.067949 
0.033879 0.197430 0.178738 0.108645 0.267523 0.141355 0.029206 0.043224 
0.035714 0.109606 0.104680 0.089901 0.084975 0.272167 0.060345 0.242611 
0.050000 0.259756 0.137805 0.045122 0.342683 0.079268 0.045122 0.040244 
0.031659 0.739083 0.027293 0.027293 0.049127 0.044760 0.040393 0.040393 
0.027902 0.041295 0.121652 0.559152 0.032366 0.063616 0.054688 0.099330 
0.041045 0.115672 0.055970 0.175373 0.458955 0.070896 0.046020 0.036070 
0.089706 0.148529 0.113235 0.077941 0.095588 0.160294 0.048529 0.266176 
0.039663 0.034856 0.597356 0.082933 0.063702 0.082933 0.034856 0.063702 
0.034198 0.043632 0.510613 0.067217 0.100236 0.142689 0.038915 0.062500 
0.042969 0.063802 0.188802 0.220052 0.074219 0.115885 0.042969 0.251302 
0.032511 0.180493 0.050448 0.193946 0.261211 0.153587 0.045964 0.081839 
0.028935 0.153935 0.413194 0.140046 0.061343 0.112269 0.028935 0.061343 
0.090314 0.053665 0.284031 0.189791 0.205497 0.037958 0.079843 0.058901 
0.035539 0.089461 0.256127 0.069853 0.133578 0.265931 0.040441 0.109069 
0.032051 0.073077 0.457692 0.180769 0.047436 0.114103 0.032051 0.062821 
0.042092 0.062500 0.271684 0.286990 0.047194 0.077806 0.047194 0.164541 
0.056818 0.117424 0.051768 0.077020 0.061869 0.324495 0.077020 0.233586 
0.030193 0.088164 0.131643 0.039855 0.064010 0.561594 0.044686 0.039855 
0.064136 0.069372 0.325916 0.179319 0.179319 0.037958 0.095550 0.048429 
0.059152 0.130580 0.054688 0.085938 0.045759 0.456473 0.085938 0.081473 
0.050000 0.079268 0.396341 0.069512 0.128049 0.108537 0.108537 0.059756 
0.032805 0.100679 0.114253 0.408371 0.069005 0.073529 0.046380 0.154977 
0.065160 0.049202 0.261968 0.128989 0.070479 0.299202 0.065160 0.059840 
0.029762 0.120238 0.296429 0.082143 0.182143 0.096429 0.096429 0.096429 
0.044686 0.170290 0.092995 0.266908 0.044686 0.102657 0.083333 0.194444 
0.037671 0.046804 0.151826 0.069635 0.046804 0.544521 0.046804 0.055936 
0.087740 0.323317 0.039663 0.169471 0.159856 0.073317 0.058894 0.087740 
0.102941 0.081551 0.081551 0.092246 0.054813 0.070856 0.054813 0.461230 
0.030983 0.082265 0.172009 0.266026 0.065171 0.052350 0.048077 0.283120 
0.030851 0.128723 0.141489 0.260638 0.073404 0.039362 0.026596 0.298936 
0.045343 0.040441 0.447304 0.172794 0.035539 0.128676 0.040441 0.089461 
0.087838 0.087838 0.120270 0.136486 0.082432 0.125676 0.104054 0.255405 
0.060945 0.185323 0.050995 0.245025 0.065920 0.259950 0.060945 0.070896 
0.099765 0.071596 0.165493 0.043427 0.038732 0.085681 0.071596 0.423709 
0.094363 0.069853 0.295343 0.138480 0.050245 0.084559 0.079657 0.187500 
0.057398 0.057398 0.251276 0.077806 0.062500 0.174745 0.072704 0.246173 
0.044760 0.062227 0.254367 0.389738 0.075328 0.053493 0.044760 0.075328 
0.083696 0.288043 0.044565 0.161957 0.122826 0.083696 0.140217 0.075000 
0.033266 0.605847 0.069556 0.045363 0.073589 0.045363 0.061492 0.065524 
0.065972 0.098380 0.390046 0.070602 0.065972 0.181713 0.065972 0.061343 
0.063702 0.131010 0.419471 0.039663 0.087740 0.126202 0.068510 0.063702 
0.029343 0.080986 0.132629 0.315728 0.123239 0.156103 0.034038 0.127934 
0.031888 0.067602 0.378827 0.088010 0.062500 0.205357 0.052296 0.113520 
0.068510 0.058894 0.102163 0.135817 0.068510 0.068510 0.106971 0.390625 
0.330592 0.047697 0.054276 0.205592 0.080592 0.047697 0.166118 0.067434 
0.032955 0.064773 0.305682 0.082955 0.051136 0.092045 0.046591 0.323864 
0.058333 0.058333 0.215476 0.115476 0.048810 0.101190 0.053571 0.348810 
0.065668 0.061060 0.286866 0.088710 0.070276 0.323733 0.061060 0.042627 
0.132282 0.141990 0.049757 0.214806 0.127427 0.044903 0.093447 0.195388 
0.053571 0.086905 0.439286 0.129762 0.039286 0.077381 0.044048 0.129762 
0.044471 0.159856 0.131010 0.058894 0.073317 0.102163 0.044471 0.385817 
0.039855 0.092995 0.121981 0.121981 0.035024 0.407005 0.064010 0.117150 
0.310403 0.075503 0.048658 0.062081 0.176174 0.062081 0.196309 0.068792 
0.042045 0.119318 0.319318 0.155682 0.087500 0.119318 0.046591 0.110227 
0.031250 0.130388 0.117457 0.035560 0.070043 0.539871 0.026940 0.048491 
0.038703 0.080544 0.051255 0.339958 0.193515 0.172594 0.030335 0.093096 
0.043803 0.039530 0.086538 0.154915 0.035256 0.415598 0.043803 0.180556 
0.092548 0.318510 0.082933 0.073317 0.159856 0.183894 0.034856 0.054087 
0.066886 0.053728 0.058114 0.426535 0.110746 0.084430 0.044956 0.154605 
0.094681 0.154255 0.162766 0.069149 0.090426 0.205319 0.086170 0.137234 
0.038551 0.141355 0.038551 0.188084 0.071262 0.169393 0.113318 0.239486 
0.044565 0.057609 0.448913 0.101087 0.083696 0.170652 0.048913 0.044565 
0.043023 0.061628 0.247674 0.233721 0.163953 0.108140 0.043023 0.098837 
0.046591 0.182955 0.082955 0.073864 0.351136 0.051136 0.110227 0.101136 
0.026940 0.091595 0.104526 0.074353 0.070043 0.526940 0.039871 0.065733 
0.043224 0.089953 0.089953 0.108645 0.066589 0.365654 0.029206 0.206776 
0.029206 0.099299 0.547897 0.052570 0.080607 0.108645 0.029206 0.052570 
0.047018 0.216743 0.047018 0.060780 0.065367 0.413991 0.097477 0.051606 
0.098011 0.069602 0.103693 0.154830 0.075284 0.149148 0.228693 0.120739 
0.033257 0.074541 0.042431 0.193807 0.056193 0.079128 0.065367 0.455275 
0.051606 0.074541 0.033257 0.207569 0.051606 0.083716 0.037844 0.459862 
0.024225 0.082364 0.047481 0.066860 0.113372 0.570736 0.039729 0.055233 
0.039474 0.049043 0.082536 0.120813 0.135167 0.403110 0.082536 0.087321 
0.041855 0.150452 0.073529 0.286199 0.268100 0.059955 0.050905 0.069005 
0.044372 0.066017 0.161255 0.091991 0.074675 0.139610 0.040043 0.382035 
0.098451 0.045354 0.085177 0.204646 0.080752 0.337389 0.040929 0.107301 
0.101190 0.072619 0.129762 0.067857 0.029762 0.201190 0.067857 0.329762 
0.034810 0.047468 0.216245 0.072785 0.127637 0.347046 0.039030 0.114979 
0.053318 0.053318 0.081754 0.299763 0.124408 0.048578 0.043839 0.295024 
0.040570 0.281798 0.044956 0.075658 0.075658 0.408991 0.031798 0.040570 
0.029070 0.070930 0.070930 0.256977 0.052326 0.052326 0.043023 0.424419 
0.058333 0.058333 0.077381 0.310714 0.063095 0.053571 0.067857 0.310714 
0.041111 0.072222 0.254444 0.098889 0.107778 0.192222 0.072222 0.161111 
0.027293 0.057860 0.263100 0.075328 0.070961 0.324236 0.062227 0.118996 
0.139952 0.192584 0.101675 0.106459 0.072967 0.082536 0.111244 0.192584 
0.034958 0.060381 0.136653 0.268008 0.030720 0.090042 0.026483 0.352754 
0.032222 0.094444 0.036667 0.347778 0.343333 0.076667 0.041111 0.027778 
0.028281 0.055430 0.263575 0.082579 0.041855 0.390271 0.050905 0.087104 
0.038223 0.063017 0.306818 0.096074 0.054752 0.149793 0.029959 0.261364 
0.069742 0.052575 0.168455 0.121245 0.031116 0.297210 0.048283 0.211373 
0.036026 0.079694 0.324236 0.088428 0.062227 0.140830 0.049127 0.219432 
0.040244 0.259756 0.269512 0.123171 0.084146 0.103659 0.059756 0.059756 
0.151575 0.049213 0.112205 0.120079 0.096457 0.088583 0.285433 0.096457 
0.188333 0.081667 0.055000 0.081667 0.061667 0.048333 0.315000 0.168333 
0.029000 0.061000 0.069000 0.569000 0.093000 0.033000 0.045000 0.101000 
0.026483 0.073093 0.412076 0.204449 0.077331 0.119703 0.026483 0.060381 
0.038542 0.138542 0.230208 0.101042 0.046875 0.305208 0.034375 0.105208 
0.034360 0.062796 0.162322 0.138626 0.039100 0.138626 0.077014 0.347156 
0.038915 0.152123 0.053066 0.100236 0.038915 0.543632 0.034198 0.038915 
0.044760 0.127729 0.123362 0.079694 0.049127 0.472707 0.057860 0.044760 
0.023674 0.133523 0.095644 0.053977 0.557765 0.061553 0.035038 0.038826 
0.075328 0.140830 0.066594 0.057860 0.215066 0.228166 0.036026 0.180131 
0.042045 0.051136 0.069318 0.355682 0.096591 0.051136 0.055682 0.278409 
0.053371 0.143258 0.083333 0.484082 0.098315 0.030899 0.027154 0.079588 
0.033133 0.089357 0.117470 0.057229 0.033133 0.490964 0.033133 0.145582 
0.063053 0.620575 0.040929 0.076327 0.058628 0.054204 0.040929 0.045354 
0.031798 0.093202 0.378289 0.075658 0.075658 0.242325 0.031798 0.071272 
0.032080 0.063053 0.071903 0.222345 0.501106 0.032080 0.040929 0.036504 
0.027778 0.177203 0.077586 0.219349 0.200192 0.211686 0.046935 0.039272 
0.034810 0.034810 0.482068 0.068565 0.064346 0.220464 0.047468 0.047468 
0.027778 0.234674 0.069923 0.131226 0.039272 0.414751 0.046935 0.035441 
0.078767 0.042237 0.069635 0.046804 0.055936 0.069635 0.069635 0.567352 
0.061628 0.043023 0.429070 0.066279 0.038372 0.205814 0.033721 0.122093 
0.026483 0.060381 0.157839 0.585805 0.026483 0.064619 0.030720 0.047669 
0.060049 0.079657 0.305147 0.113971 0.069853 0.261029 0.060049 0.050245 
0.300955 0.205414 0.046178 0.109873 0.046178 0.052548 0.154459 0.084395 
0.034519 0.038703 0.063808 0.101464 0.097280 0.532427 0.101464 0.030335 
0.026460 0.778285 0.022810 0.033759 0.041058 0.048358 0.026460 0.022810 
0.028281 0.177602 0.055430 0.385747 0.055430 0.132353 0.032805 0.132353 
0.042355 0.087810 0.521694 0.042355 0.075413 0.071281 0.087810 0.071281 
0.047481 0.047481 0.035853 0.338178 0.326550 0.043605 0.035853 0.125000 
0.030208 0.138542 0.326042 0.080208 0.109375 0.151042 0.042708 0.121875 
0.036133 0.059570 0.442383 0.036133 0.102539 0.165039 0.028320 0.129883 
0.036561 0.056324 0.044466 0.178854 0.479249 0.040514 0.095850 0.068182 
0.061060 0.130184 0.088710 0.120968 0.374424 0.084101 0.051843 0.088710 
0.039871 0.212284 0.233836 0.044181 0.087284 0.207974 0.052802 0.121767 
0.048283 0.048283 0.215665 0.134120 0.129828 0.224249 0.043991 0.155579 
0.028656 0.060277 0.451581 0.166996 0.048419 0.147233 0.036561 0.060277 
0.026268 0.142210 0.127717 0.091486 0.450181 0.095109 0.037138 0.029891 
0.023855 0.054389 0.562023 0.065840 0.111641 0.104008 0.039122 0.039122 
0.047071 0.051255 0.218619 0.093096 0.026151 0.331590 0.042887 0.189331 
0.081984 0.138664 0.138664 0.077935 0.073887 0.138664 0.065789 0.284413 
0.033673 0.413265 0.156122 0.037755 0.107143 0.147959 0.033673 0.070408 
0.024704 0.068182 0.072134 0.368577 0.214427 0.056324 0.044466 0.151186 
0.046756 0.065840 0.077290 0.058206 0.542939 0.081107 0.058206 0.069656 
0.030331 0.776654 0.026654 0.030331 0.041360 0.030331 0.030331 0.034007 
0.061957 0.035870 0.227174 0.088043 0.075000 0.392391 0.040217 0.079348 
0.040675 0.671627 0.036706 0.096230 0.040675 0.044643 0.032738 0.036706 
0.064741 0.052789 0.048805 0.096614 0.036853 0.064741 0.044821 0.590637 
0.028320 0.043945 0.426758 0.211914 0.040039 0.184570 0.024414 0.040039 
0.046171 0.253378 0.163288 0.073198 0.181306 0.100225 0.113739 0.068694 
0.039530 0.180556 0.099359 0.270299 0.086538 0.095085 0.146368 0.082265 
0.066279 0.070930 0.089535 0.122093 0.154651 0.275581 0.145349 0.075581 
0.296763 0.066547 0.109712 0.088129 0.116906 0.059353 0.188849 0.073741 
0.080882 0.097689 0.299370 0.101891 0.038866 0.190126 0.030462 0.160714 
0.061422 0.113147 0.354526 0.100216 0.078664 0.126078 0.100216 0.065733 
0.021626 0.108131 0.108131 0.582180 0.056228 0.049308 0.025087 0.049308 
0.036219 0.682862 0.050353 0.053887 0.064488 0.043286 0.046820 0.022085 
0.034774 0.196429 0.061090 0.113722 0.046053 0.474624 0.023496 0.049812 
0.034259 0.145370 0.489815 0.104630 0.052778 0.104630 0.026852 0.041667 
0.041498 0.053644 0.320850 0.126518 0.130567 0.150810 0.053644 0.122470 
0.022810 0.187044 0.070255 0.110401 0.055657 0.475365 0.030109 0.048358 
0.063542 0.105208 0.088542 0.171875 0.059375 0.096875 0.038542 0.376042 
0.032227 0.133789 0.051758 0.067383 0.040039 0.504883 0.032227 0.137695 
0.033401 0.077935 0.409919 0.106275 0.077935 0.219636 0.033401 0.041498 
0.290663 0.079819 0.230422 0.055723 0.043675 0.049699 0.188253 0.061747 
0.037910 0.386270 0.042008 0.152664 0.132172 0.164959 0.042008 0.042008 
0.045759 0.143973 0.081473 0.077009 0.077009 0.161830 0.041295 0.371652 
0.371575 0.042808 0.077055 0.077055 0.049658 0.049658 0.159247 0.172945 
0.231322 0.064655 0.053161 0.099138 0.053161 0.047414 0.375000 0.076149 
0.029464 0.075893 0.375893 0.093750 0.208036 0.104464 0.033036 0.079464 
0.029647 0.786058 0.026442 0.029647 0.036058 0.032853 0.032853 0.026442 
0.026364 0.168182 0.095455 0.346364 0.113636 0.190000 0.026364 0.033636 
0.064229 0.036561 0.028656 0.360672 0.107708 0.068182 0.048419 0.285573 
0.073755 0.092912 0.211686 0.261494 0.108238 0.073755 0.062261 0.115900 
0.021404 0.154966 0.059075 0.083048 0.415240 0.202911 0.024829 0.038527 
0.039423 0.239423 0.120192 0.043269 0.043269 0.447115 0.031731 0.035577 
0.026753 0.045203 0.107934 0.576568 0.056273 0.045203 0.030443 0.111624 
0.048611 0.068452 0.203373 0.104167 0.080357 0.131944 0.088294 0.274802 
0.041331 0.065524 0.456653 0.069556 0.053427 0.150202 0.069556 0.093750 
0.358280 0.052548 0.046178 0.116242 0.135350 0.039809 0.160828 0.090764 
0.030443 0.488007 0.037823 0.030443 0.071033 0.262915 0.045203 0.034133 
0.037963 0.123148 0.400926 0.056481 0.108333 0.078704 0.052778 0.141667 
0.032801 0.068262 0.032801 0.139184 0.039894 0.617908 0.029255 0.039894 
0.021331 0.103242 0.366041 0.123720 0.106655 0.205631 0.024744 0.048635 
0.026852 0.086111 0.056481 0.178704 0.345370 0.223148 0.034259 0.049074 
0.044466 0.103755 0.368577 0.091897 0.024704 0.198617 0.083992 0.083992 
0.034133 0.133764 0.030443 0.436347 0.166974 0.078413 0.059963 0.059963 
0.021853 0.112762 0.116259 0.385490 0.126748 0.137238 0.035839 0.063811 
0.022563 0.109206 0.127256 0.087545 0.318592 0.257220 0.026173 0.051444 
0.034958 0.090042 0.179025 0.179025 0.085805 0.221398 0.034958 0.174788 
0.040323 0.090502 0.119176 0.072581 0.416667 0.180108 0.036738 0.043907 
0.038104 0.108736 0.041822 0.105019 0.034387 0.558550 0.038104 0.075279 
0.026654 0.394301 0.052390 0.236213 0.030331 0.166360 0.034007 0.059743 
0.026173 0.152527 0.185018 0.148917 0.109206 0.282491 0.029783 0.065884 
0.353774 0.045597 0.064465 0.077044 0.165094 0.051887 0.183962 0.058176 
0.026961 0.108660 0.141340 0.497549 0.053105 0.026961 0.026961 0.118464 
0.046491 0.025439 0.148246 0.148246 0.060526 0.039474 0.092105 0.439474 
0.092153 0.099453 0.037409 0.121350 0.493613 0.030109 0.070255 0.055657 
0.068452 0.080357 0.163690 0.048611 0.409722 0.048611 0.112103 0.068452 
0.062050 0.065647 0.536871 0.069245 0.051259 0.080036 0.051259 0.083633 
0.025439 0.102632 0.035965 0.050000 0.548246 0.155263 0.021930 0.060526 
0.031731 0.039423 0.135577 0.039423 0.047115 0.562500 0.043269 0.100962 
0.233631 0.043155 0.043155 0.061012 0.043155 0.037202 0.346726 0.191964 
0.038973 0.324144 0.061787 0.183460 0.096008 0.073194 0.107414 0.115019 
0.033000 0.065000 0.233000 0.085000 0.041000 0.405000 0.093000 0.045000 
0.031250 0.103220 0.053977 0.061553 0.057765 0.584280 0.065341 0.042614 
0.030109 0.041058 0.114051 0.066606 0.416971 0.026460 0.165146 0.139599 
0.332865 0.040730 0.040730 0.063202 0.040730 0.158708 0.248596 0.074438 
0.034133 0.078413 0.395756 0.067343 0.159594 0.159594 0.059963 0.045203 
0.026952 0.067844 0.064126 0.041822 0.067844 0.644052 0.045539 0.041822 
0.026025 0.155363 0.366719 0.101735 0.208991 0.035489 0.048107 0.057571 
0.032227 0.161133 0.114258 0.063477 0.051758 0.500977 0.028320 0.047852 
0.042614 0.205492 0.088068 0.088068 0.141098 0.349432 0.046402 0.038826 
0.044466 0.060277 0.076087 0.048419 0.095850 0.562253 0.024704 0.087945 
0.021186 0.119492 0.088983 0.126271 0.048305 0.519492 0.031356 0.044915 
0.036738 0.076165 0.542115 0.094086 0.040323 0.115591 0.025986 0.068996 
0.255282 0.044014 0.086268 0.079225 0.058099 0.198944 0.205986 0.072183 
0.024411 0.051347 0.027778 0.226431 0.549663 0.037879 0.031145 0.051347 
0.248563 0.035920 0.087644 0.104885 0.053161 0.035920 0.317529 0.116379 
0.041978 0.064366 0.415112 0.083022 0.034515 0.277052 0.056903 0.027052 
0.056903 0.045709 0.433769 0.041978 0.034515 0.318097 0.034515 0.034515 
0.023775 0.084294 0.208213 0.035303 0.490634 0.110231 0.026657 0.020893 
0.048182 0.160909 0.302727 0.131818 0.051818 0.131818 0.062727 0.110000 
0.023616 0.219055 0.095277 0.052932 0.447068 0.085505 0.039902 0.036645 
0.259217 0.070276 0.038018 0.047235 0.263825 0.061060 0.194700 0.065668 
0.021701 0.254340 0.042535 0.032118 0.257812 0.334201 0.021701 0.035590 
0.028374 0.062117 0.037577 0.740031 0.031442 0.040644 0.028374 0.031442 
0.029255 0.085993 0.532801 0.068262 0.050532 0.142730 0.025709 0.064716 
0.325549 0.039835 0.226648 0.050824 0.039835 0.061813 0.182692 0.072802 
0.059307 0.103102 0.059307 0.132299 0.073905 0.128650 0.052007 0.391423 
0.023770 0.118852 0.066393 0.400820 0.148361 0.056557 0.040164 0.145082 
0.057547 0.129245 0.110377 0.080189 0.306604 0.163208 0.102830 0.050000 
0.065884 0.101986 0.069495 0.062274 0.058664 0.517148 0.058664 0.065884 
0.023234 0.551115 0.041822 0.212825 0.086431 0.023234 0.026952 0.034387 
0.033394 0.044224 0.546029 0.073105 0.065884 0.040614 0.058664 0.138087 
0.062931 0.045690 0.042241 0.504310 0.059483 0.025000 0.100862 0.159483 
0.026852 0.045370 0.071296 0.245370 0.471296 0.045370 0.049074 0.045370 
0.027138 0.096217 0.155428 0.106086 0.109375 0.385691 0.023849 0.096217 
0.028770 0.100198 0.080357 0.080357 0.544643 0.044643 0.032738 0.088294 
0.041822 0.030669 0.082714 0.238848 0.454461 0.052974 0.038104 0.060409 
0.057116 0.102060 0.454120 0.094569 0.030899 0.135768 0.072097 0.053371 
0.032007 0.066609 0.038927 0.353806 0.142734 0.163495 0.028547 0.173875 
0.043605 0.082364 0.074612 0.283915 0.097868 0.051357 0.190891 0.175388 
0.041952 0.312500 0.079623 0.154966 0.055651 0.076199 0.041952 0.237158 
0.036738 0.147849 0.040323 0.448925 0.180108 0.040323 0.040323 0.065412 
0.037577 0.098926 0.059049 0.424080 0.178681 0.025307 0.049847 0.126534 
0.246689 0.061258 0.100993 0.107616 0.094371 0.061258 0.206954 0.120861 
0.057765 0.243371 0.035038 0.122159 0.345644 0.095644 0.057765 0.042614 
0.029359 0.591637 0.047153 0.040036 0.082740 0.129004 0.057829 0.022242 
0.020492 0.302459 0.181148 0.082787 0.079508 0.168033 0.033607 0.131967 
0.126033 0.092975 0.101240 0.084711 0.109504 0.076446 0.101240 0.307851 
0.045527 0.202077 0.035942 0.099840 0.460863 0.032748 0.051917 0.071086 
0.061321 0.038679 0.242453 0.057547 0.050000 0.416038 0.042453 0.091509 
0.057692 0.395485 0.054348 0.291806 0.054348 0.040970 0.051003 0.054348 
0.312500 0.092988 0.208841 0.068598 0.038110 0.062500 0.129573 0.086890 
0.268056 0.034722 0.056944 0.068056 0.034722 0.040278 0.306944 0.190278 
0.025528 0.060739 0.113556 0.191021 0.046655 0.187500 0.085387 0.289613 
0.034507 0.755634 0.023239 0.045775 0.065493 0.023239 0.026056 0.026056 
0.060954 0.287102 0.050353 0.039753 0.205830 0.280035 0.029152 0.046820 
0.028253 0.141267 0.367295 0.021404 0.192637 0.148116 0.045377 0.055651 
0.078413 0.045203 0.314576 0.107934 0.037823 0.270295 0.074723 0.071033 
0.109281 0.055389 0.061377 0.073353 0.079341 0.043413 0.474551 0.103293 
0.429847 0.093112 0.062500 0.067602 0.042092 0.072704 0.159439 0.072704 
0.059783 0.196429 0.072205 0.056677 0.059783 0.497671 0.019410 0.038043 
0.024167 0.194167 0.027500 0.054167 0.574167 0.060833 0.024167 0.040833 
0.038527 0.247432 0.401541 0.089897 0.045377 0.103596 0.035103 0.038527 
0.030428 0.073191 0.092928 0.122533 0.083059 0.191612 0.033717 0.372533 
0.035266 0.681034 0.032132 0.057210 0.060345 0.063480 0.041536 0.028997 
0.031040 0.037752 0.520973 0.051174 0.061242 0.158557 0.027685 0.111577 
0.027592 0.178094 0.051003 0.462375 0.084448 0.124582 0.030936 0.040970 
0.024247 0.161371 0.054348 0.435619 0.094482 0.164716 0.020903 0.044314 
0.026460 0.030109 0.048358 0.249088 0.044708 0.037409 0.278285 0.285584 
0.048259 0.140032 0.108386 0.035601 0.314082 0.263449 0.038766 0.051424 
0.050833 0.074167 0.060833 0.454167 0.167500 0.030833 0.080833 0.080833 
0.171384 0.058176 0.045597 0.064465 0.058176 0.139937 0.385220 0.077044 
0.030109 0.030109 0.052007 0.179745 0.041058 0.205292 0.052007 0.409672 
0.034281 0.151338 0.459030 0.144649 0.087793 0.030936 0.034281 0.057692 
0.317742 0.046774 0.053226 0.046774 0.046774 0.066129 0.266129 0.156452 
0.057870 0.085648 0.131944 0.168981 0.252315 0.094907 0.057870 0.150463 
0.468056 0.034722 0.156944 0.084722 0.073611 0.040278 0.101389 0.040278 
0.026613 0.749194 0.033065 0.033065 0.075000 0.020161 0.036290 0.026613 
0.453457 0.043883 0.187500 0.038564 0.043883 0.043883 0.091755 0.097074 
0.055455 0.139091 0.262727 0.077273 0.084545 0.113636 0.080909 0.186364 
0.049392 0.101064 0.101064 0.219605 0.058511 0.398936 0.043313 0.028116 
0.316576 0.115489 0.072011 0.050272 0.050272 0.061141 0.273098 0.061141 
0.266949 0.052260 0.086158 0.091808 0.046610 0.137006 0.278249 0.040960 
0.024829 0.648116 0.028253 0.048801 0.124144 0.031678 0.059075 0.035103 
0.306579 0.185526 0.043421 0.048684 0.053947 0.043421 0.285526 0.032895 
0.341495 0.047680 0.047680 0.032216 0.042526 0.037371 0.248711 0.202320 
0.278249 0.035311 0.063559 0.074859 0.040960 0.063559 0.204802 0.238701 
0.075680 0.279762 0.045068 0.181122 0.194728 0.068878 0.065476 0.089286 
0.023849 0.211349 0.053454 0.293586 0.046875 0.280428 0.033717 0.056743 
0.040033 0.066176 0.330882 0.193627 0.059641 0.049837 0.049837 0.209967 
0.055810 0.123089 0.199541 0.410550 0.046636 0.055810 0.077217 0.031346 
0.195714 0.052857 0.047143 0.064286 0.315714 0.052857 0.218571 0.052857 
0.052405 0.042096 0.347938 0.086770 0.083333 0.313574 0.048969 0.024914 
0.185345 0.047414 0.053161 0.070402 0.116379 0.053161 0.352011 0.122126 
0.035377 0.057390 0.054245 0.595126 0.139151 0.035377 0.035377 0.047956 
0.042535 0.073785 0.077257 0.261285 0.302951 0.042535 0.077257 0.122396 
0.019410 0.208851 0.034938 0.407609 0.081522 0.072205 0.034938 0.140528 
0.023163 0.103035 0.119010 0.211661 0.026358 0.406550 0.032748 0.077476 
0.020096 0.264469 0.039389 0.094051 0.068328 0.470257 0.020096 0.023312 
0.020492 0.069672 0.194262 0.236885 0.059836 0.066393 0.033607 0.318852 
0.352703 0.201351 0.055405 0.082432 0.071622 0.033784 0.141892 0.060811 
0.053322 0.077797 0.049825 0.053322 0.032343 0.619755 0.039336 0.074301 
0.038743 0.067982 0.389620 0.088450 0.231725 0.097222 0.047515 0.038743 
0.052768 0.059689 0.042388 0.076990 0.063149 0.076990 0.097751 0.530277 
0.019055 0.110518 0.131860 0.073933 0.043445 0.546494 0.022104 0.052591 
0.046569 0.033497 0.174020 0.102124 0.066176 0.062908 0.075980 0.438725 
0.039516 0.758871 0.023387 0.033065 0.055645 0.029839 0.039516 0.020161 
0.018601 0.122768 0.057292 0.182292 0.435268 0.134673 0.021577 0.027530 
0.023849 0.497533 0.050164 0.063322 0.060033 0.244243 0.020559 0.040296 
0.018275 0.056287 0.038743 0.348684 0.035819 0.024123 0.035819 0.442251 
0.068878 0.187925 0.119898 0.279762 0.089286 0.089286 0.119898 0.045068 
0.026890 0.050145 0.619913 0.067587 0.079215 0.082122 0.032703 0.041424 
0.038927 0.059689 0.097751 0.135813 0.028547 0.478374 0.073529 0.087370 
0.051630 0.040761 0.055254 0.029891 0.051630 0.504529 0.044384 0.221920 
0.125622 0.055970 0.055970 0.050995 0.434080 0.060945 0.150498 0.065920 
0.060726 0.237382 0.051262 0.448738 0.026025 0.057571 0.057571 0.060726 
0.019129 0.100923 0.027045 0.042876 0.625989 0.127309 0.016491 0.040237 
0.045068 0.041667 0.041667 0.072279 0.038265 0.677721 0.034864 0.048469 
0.375641 0.052564 0.119231 0.062821 0.062821 0.134615 0.150000 0.042308 
0.042832 0.042832 0.088287 0.259615 0.084790 0.060315 0.063811 0.357517 
0.066612 0.086349 0.102796 0.188322 0.073191 0.162007 0.099507 0.221217 
0.049035 0.084405 0.193730 0.087621 0.087621 0.412379 0.026527 0.058682 
0.421498 0.064010 0.039855 0.039855 0.044686 0.049517 0.107488 0.233092 
0.188187 0.050824 0.232143 0.061813 0.034341 0.078297 0.292582 0.061813 
0.022586 0.063084 0.200156 0.315421 0.025701 0.094237 0.038162 0.240654 
0.030528 0.099835 0.304455 0.129538 0.040429 0.314356 0.030528 0.050330 
0.034167 0.114167 0.407500 0.077500 0.027500 0.260833 0.034167 0.044167 
0.043846 0.093077 0.154615 0.296154 0.108462 0.166923 0.059231 0.077692 
0.038265 0.055272 0.099490 0.449830 0.102891 0.068878 0.041667 0.143707 
0.023239 0.324648 0.040141 0.121831 0.372535 0.051408 0.023239 0.042958 
0.208333 0.061667 0.168333 0.068333 0.055000 0.208333 0.168333 0.061667 
0.396978 0.061813 0.127747 0.039835 0.056319 0.083791 0.133242 0.100275 
0.317442 0.029070 0.131395 0.047674 0.103488 0.038372 0.238372 0.094186 
0.057692 0.061037 0.178094 0.081104 0.057692 0.291806 0.051003 0.221572 
0.076741 0.105222 0.038766 0.551424 0.073576 0.032437 0.048259 0.073576 
0.052589 0.055825 0.094660 0.139968 0.211165 0.298544 0.055825 0.091424 
0.023775 0.139049 0.156340 0.069885 0.049712 0.447406 0.026657 0.087176 
0.030833 0.070833 0.037500 0.054167 0.060833 0.497500 0.030833 0.217500 
0.036787 0.147898 0.418168 0.225976 0.030781 0.048799 0.033784 0.057808 
0.052914 0.322853 0.203221 0.083589 0.086656 0.154141 0.034509 0.062117 
0.036806 0.106250 0.045139 0.509028 0.045139 0.070139 0.034028 0.153472 
0.259756 0.045122 0.040244 0.059756 0.040244 0.050000 0.240244 0.264634 
0.370690 0.055419 0.030788 0.114532 0.050493 0.045567 0.217980 0.114532 
0.082808 0.057571 0.089117 0.104890 0.026025 0.240536 0.057571 0.341483 
0.052115 0.179003 0.151813 0.269637 0.082326 0.094411 0.118580 0.052115 
0.030731 0.263289 0.070598 0.170266 0.103821 0.210133 0.070598 0.080565 
0.480233 0.070930 0.043023 0.080233 0.043023 0.080233 0.112791 0.089535 
0.067835 0.055640 0.482470 0.089177 0.040396 0.076982 0.061738 0.125762 
0.042880 0.046117 0.081715 0.036408 0.065534 0.618932 0.049353 0.059061 
