0.123494 0.099398 0.256024 0.123494 0.075301 0.075301 0.087349 0.159639 
0.083333 0.094828 0.117816 0.094828 0.083333 0.106322 0.071839 0.347701 
0.075301 0.123494 0.087349 0.111446 0.087349 0.099398 0.159639 0.256024 
0.127841 0.093750 0.127841 0.161932 0.082386 0.071023 0.230114 0.105114 
0.094828 0.117816 0.163793 0.129310 0.106322 0.094828 0.129310 0.163793 
0.060096 0.098558 0.117788 0.377404 0.060096 0.069712 0.098558 0.117788 
0.145604 0.068681 0.112637 0.068681 0.101648 0.079670 0.321429 0.101648 
0.309406 0.081683 0.091584 0.061881 0.061881 0.071782 0.091584 0.230198 
0.088710 0.077957 0.196237 0.131720 0.067204 0.077957 0.120968 0.239247 
0.092342 0.101351 0.227477 0.119369 0.056306 0.056306 0.281532 0.065315 
0.186975 0.128151 0.321429 0.060924 0.052521 0.052521 0.102941 0.094538 
0.329208 0.061881 0.141089 0.091584 0.081683 0.071782 0.111386 0.111386 
0.147436 0.070513 0.121795 0.070513 0.070513 0.061966 0.369658 0.087607 
0.103535 0.073232 0.123737 0.073232 0.063131 0.083333 0.083333 0.396465 
0.051653 0.183884 0.076446 0.076446 0.084711 0.101240 0.059917 0.365702 
0.123832 0.086449 0.095794 0.366822 0.086449 0.077103 0.077103 0.086449 
0.119748 0.060924 0.094538 0.144958 0.052521 0.052521 0.422269 0.052521 
0.381466 0.071121 0.096983 0.157328 0.053879 0.062500 0.105603 0.071121 
0.290541 0.146396 0.101351 0.182432 0.056306 0.074324 0.074324 0.074324 
0.063043 0.071739 0.141304 0.193478 0.054348 0.063043 0.280435 0.132609 
0.400463 0.085648 0.168981 0.076389 0.057870 0.057870 0.085648 0.067130 
0.430804 0.073661 0.082589 0.073661 0.082589 0.082589 0.073661 0.100446 
0.104701 0.130342 0.079060 0.087607 0.061966 0.061966 0.138889 0.335470 
0.079741 0.114224 0.105603 0.450431 0.053879 0.053879 0.071121 0.071121 
0.122549 0.122549 0.122549 0.122549 0.122549 0.142157 0.122549 0.122549 
0.122549 0.122549 0.122549 0.122549 0.142157 0.122549 0.122549 0.122549 
0.144958 0.178571 0.237395 0.077731 0.052521 0.102941 0.128151 0.077731 
0.085417 0.110417 0.060417 0.068750 0.085417 0.060417 0.077083 0.452083 
0.060417 0.127083 0.077083 0.060417 0.077083 0.068750 0.060417 0.468750 
0.102941 0.077731 0.170168 0.313025 0.069328 0.069328 0.086134 0.111345 
0.117769 0.076446 0.324380 0.109504 0.059917 0.051653 0.134298 0.126033 
0.077731 0.153361 0.144958 0.161765 0.069328 0.052521 0.060924 0.279412 
0.122845 0.200431 0.234914 0.148707 0.053879 0.079741 0.096983 0.062500 
0.315217 0.097826 0.080435 0.193478 0.115217 0.080435 0.063043 0.054348 
0.398855 0.085878 0.085878 0.078244 0.047710 0.047710 0.177481 0.078244 
0.077068 0.062030 0.242481 0.099624 0.062030 0.046992 0.325188 0.084586 
0.149590 0.157787 0.125000 0.165984 0.100410 0.100410 0.116803 0.084016 
0.392276 0.075203 0.083333 0.091463 0.083333 0.083333 0.099593 0.091463 
0.140411 0.099315 0.113014 0.140411 0.099315 0.222603 0.085616 0.099315 
0.105159 0.168651 0.057540 0.398810 0.057540 0.057540 0.097222 0.057540 
0.190574 0.165984 0.067623 0.329918 0.051230 0.092213 0.051230 0.051230 
0.147436 0.070513 0.190171 0.061966 0.113248 0.070513 0.275641 0.070513 
0.432482 0.060219 0.177007 0.074818 0.045620 0.052920 0.082117 0.074818 
0.063462 0.048077 0.517308 0.063462 0.063462 0.048077 0.094231 0.101923 
0.086538 0.048077 0.163462 0.063462 0.078846 0.078846 0.409615 0.071154 
0.079457 0.125969 0.381783 0.071705 0.048450 0.063953 0.133721 0.094961 
0.071154 0.063462 0.140385 0.063462 0.078846 0.071154 0.463462 0.048077 
0.070076 0.115530 0.138258 0.115530 0.047348 0.077652 0.115530 0.320076 
0.054104 0.158582 0.151119 0.069030 0.076493 0.083955 0.106343 0.300373 
0.298913 0.074275 0.168478 0.139493 0.059783 0.059783 0.117754 0.081522 
0.166118 0.126645 0.087171 0.146382 0.047697 0.060855 0.106908 0.258224 
0.123214 0.123214 0.151786 0.201786 0.051786 0.073214 0.073214 0.201786 
0.088583 0.143701 0.324803 0.143701 0.049213 0.064961 0.104331 0.080709 
0.104331 0.175197 0.230315 0.198819 0.049213 0.064961 0.080709 0.096457 
0.182971 0.045290 0.052536 0.190217 0.059783 0.074275 0.291667 0.103261 
0.133212 0.125912 0.067518 0.096715 0.067518 0.140511 0.133212 0.235401 
0.303309 0.097426 0.178309 0.141544 0.045956 0.053309 0.068015 0.112132 
0.164729 0.056202 0.304264 0.056202 0.071705 0.063953 0.110465 0.172481 
0.107456 0.142544 0.221491 0.116228 0.054825 0.168860 0.098684 0.089912 
0.219203 0.153986 0.096014 0.197464 0.052536 0.059783 0.074275 0.146739 
0.088583 0.104331 0.072835 0.442913 0.064961 0.049213 0.127953 0.049213 
0.055000 0.075000 0.235000 0.068333 0.048333 0.041667 0.135000 0.341667 
0.050699 0.512238 0.106643 0.099650 0.043706 0.057692 0.050699 0.078671 
0.154000 0.098000 0.186000 0.106000 0.122000 0.074000 0.170000 0.090000 
0.087500 0.066071 0.108929 0.080357 0.073214 0.066071 0.101786 0.416071 
0.110507 0.168478 0.096014 0.240942 0.110507 0.088768 0.125000 0.059783 
0.055369 0.156040 0.088926 0.048658 0.041946 0.075503 0.048658 0.484899 
0.097426 0.148897 0.200368 0.082721 0.045956 0.053309 0.104779 0.266544 
0.398936 0.108156 0.122340 0.101064 0.044326 0.065603 0.086879 0.072695 
0.403061 0.096939 0.083333 0.130952 0.049320 0.103741 0.069728 0.062925 
0.065705 0.418269 0.065705 0.078526 0.059295 0.052885 0.072115 0.187500 
0.376838 0.045956 0.170956 0.134191 0.045956 0.045956 0.097426 0.082721 
0.236207 0.118966 0.077586 0.125862 0.077586 0.077586 0.194828 0.091379 
0.041391 0.074503 0.160596 0.067881 0.114238 0.061258 0.054636 0.425497 
0.054636 0.100993 0.220199 0.107616 0.081126 0.074503 0.114238 0.246689 
0.038580 0.347222 0.057099 0.168210 0.057099 0.038580 0.044753 0.248457 
0.197368 0.084586 0.114662 0.054511 0.122180 0.092105 0.272556 0.062030 
0.471854 0.074503 0.067881 0.114238 0.048013 0.074503 0.100993 0.048013 
0.235401 0.060219 0.118613 0.133212 0.104015 0.089416 0.184307 0.074818 
0.315000 0.075000 0.075000 0.195000 0.041667 0.055000 0.068333 0.175000 
0.054276 0.060855 0.218750 0.054276 0.060855 0.067434 0.383224 0.100329 
0.094907 0.057870 0.076389 0.067130 0.233796 0.252315 0.113426 0.104167 
0.293046 0.107616 0.100993 0.200331 0.048013 0.074503 0.081126 0.094371 
0.128731 0.113806 0.128731 0.367537 0.061567 0.054104 0.083955 0.061567 
0.198864 0.054924 0.070076 0.335227 0.130682 0.092803 0.070076 0.047348 
0.098790 0.058468 0.090726 0.066532 0.114919 0.106855 0.381048 0.082661 
0.072695 0.462766 0.200355 0.058511 0.044326 0.044326 0.044326 0.072695 
0.058511 0.065603 0.093972 0.420213 0.065603 0.065603 0.122340 0.108156 
0.548137 0.063665 0.069876 0.069876 0.038820 0.063665 0.076087 0.069876 
0.187931 0.070690 0.125862 0.187931 0.056897 0.050000 0.229310 0.091379 
0.383681 0.057292 0.175347 0.133681 0.050347 0.064236 0.057292 0.078125 
0.187126 0.097305 0.127246 0.103293 0.055389 0.055389 0.312874 0.061377 
0.440751 0.076590 0.070809 0.065029 0.041908 0.041908 0.059249 0.203757 
0.054636 0.087748 0.286424 0.048013 0.041391 0.061258 0.067881 0.352649 
0.339655 0.112069 0.043103 0.125862 0.077586 0.112069 0.043103 0.146552 
0.093137 0.112745 0.093137 0.374183 0.047386 0.053922 0.138889 0.086601 
0.197552 0.106643 0.078671 0.344406 0.050699 0.078671 0.085664 0.057692 
0.170608 0.062500 0.116554 0.386824 0.069257 0.069257 0.048986 0.076014 
0.498252 0.064685 0.064685 0.113636 0.043706 0.064685 0.064685 0.085664 
0.347756 0.059295 0.065705 0.181090 0.059295 0.059295 0.097756 0.129808 
0.401562 0.051562 0.064062 0.195312 0.039062 0.039062 0.139063 0.070312 
0.128333 0.088333 0.061667 0.055000 0.095000 0.115000 0.395000 0.061667 
0.065029 0.284682 0.134393 0.111272 0.041908 0.041908 0.065029 0.255780 
0.325540 0.080935 0.080935 0.052158 0.095324 0.080935 0.080935 0.203237 
0.281469 0.141608 0.134615 0.162587 0.071678 0.057692 0.078671 0.071678 
0.066176 0.066176 0.089706 0.077941 0.036765 0.066176 0.177941 0.419118 
0.105172 0.043103 0.105172 0.091379 0.070690 0.063793 0.450000 0.070690 
0.285494 0.038580 0.125000 0.069444 0.075617 0.063272 0.273148 0.069444 
0.226562 0.151562 0.095312 0.320312 0.039062 0.039062 0.070312 0.057813 
0.182258 0.059677 0.079032 0.453226 0.040323 0.046774 0.091935 0.046774 
0.064655 0.087644 0.352011 0.064655 0.058908 0.053161 0.219828 0.099138 
0.145548 0.083904 0.063356 0.111301 0.104452 0.125000 0.172945 0.193493 
0.403736 0.076149 0.139368 0.162356 0.035920 0.041667 0.076149 0.064655 
0.370805 0.048658 0.250000 0.062081 0.041946 0.048658 0.129195 0.048658 
0.175000 0.075000 0.084091 0.075000 0.211364 0.238636 0.075000 0.065909 
0.168056 0.184722 0.068056 0.095833 0.040278 0.051389 0.062500 0.329167 
0.507530 0.115964 0.049699 0.079819 0.043675 0.061747 0.049699 0.091867 
0.066568 0.048817 0.634615 0.060651 0.036982 0.042899 0.060651 0.048817 
0.069444 0.205247 0.254630 0.087963 0.063272 0.038580 0.199074 0.081790 
0.062081 0.075503 0.088926 0.075503 0.055369 0.102349 0.082215 0.458054 
0.061258 0.054636 0.074503 0.498344 0.054636 0.048013 0.081126 0.127483 
0.268634 0.100932 0.107143 0.131988 0.045031 0.051242 0.250000 0.045031 
0.387427 0.042398 0.059942 0.217836 0.036550 0.036550 0.147661 0.071637 
0.388710 0.072581 0.085484 0.098387 0.091935 0.085484 0.053226 0.124194 
0.338663 0.135174 0.146802 0.158430 0.042151 0.053779 0.053779 0.071221 
0.110054 0.186141 0.039402 0.457880 0.039402 0.033967 0.082880 0.050272 
0.104286 0.104286 0.441429 0.075714 0.047143 0.047143 0.098571 0.081429 
0.056748 0.056748 0.069018 0.062883 0.038344 0.038344 0.633436 0.044479 
0.107542 0.325419 0.174581 0.163408 0.034916 0.040503 0.079609 0.074022 
0.260542 0.121988 0.091867 0.218373 0.067771 0.043675 0.115964 0.079819 
0.117378 0.080793 0.160061 0.239329 0.050305 0.056402 0.245427 0.050305 
0.048246 0.393275 0.059942 0.258772 0.054094 0.054094 0.048246 0.083333 
0.055723 0.073795 0.091867 0.037651 0.055723 0.067771 0.061747 0.555723 
0.141813 0.054094 0.059942 0.428363 0.042398 0.059942 0.118421 0.095029 
0.094477 0.181686 0.065407 0.390988 0.036337 0.047965 0.094477 0.088663 
0.067434 0.041118 0.192434 0.172697 0.047697 0.074013 0.350329 0.054276 
0.071221 0.507267 0.100291 0.088663 0.042151 0.042151 0.071221 0.077035 
0.117816 0.163793 0.094828 0.083333 0.140805 0.094828 0.140805 0.163793 
0.095588 0.177941 0.172059 0.130882 0.036765 0.036765 0.066176 0.283824 
0.071637 0.112573 0.124269 0.100877 0.071637 0.054094 0.387427 0.077485 
0.402778 0.131173 0.081790 0.168210 0.038580 0.057099 0.069444 0.050926 
0.193910 0.052885 0.046474 0.418269 0.065705 0.065705 0.084936 0.072115 
0.057813 0.157812 0.176563 0.076563 0.107813 0.057813 0.307812 0.057813 
0.070000 0.178571 0.092857 0.241429 0.070000 0.058571 0.224286 0.064286 
0.358808 0.058290 0.136010 0.104922 0.032383 0.047927 0.172280 0.089378 
0.062155 0.156077 0.189227 0.161602 0.040055 0.051105 0.051105 0.288674 
0.131510 0.240885 0.147135 0.074219 0.037760 0.042969 0.058594 0.266927 
0.439349 0.119822 0.078402 0.107988 0.054734 0.054734 0.066568 0.078402 
0.060345 0.168719 0.070197 0.247537 0.055419 0.030788 0.070197 0.296798 
0.489198 0.063272 0.075617 0.162037 0.044753 0.044753 0.063272 0.057099 
0.334507 0.066901 0.311033 0.066901 0.034038 0.034038 0.057512 0.095070 
0.410819 0.106725 0.100877 0.083333 0.065789 0.054094 0.130117 0.048246 
0.091755 0.065160 0.214096 0.288564 0.043883 0.033245 0.139628 0.123670 
0.366573 0.063202 0.074438 0.141854 0.046348 0.046348 0.186798 0.074438 
0.383880 0.099727 0.094262 0.219945 0.045082 0.050546 0.061475 0.045082 
0.049517 0.228261 0.155797 0.179952 0.035024 0.035024 0.078502 0.237923 
0.231675 0.058901 0.242147 0.048429 0.053665 0.043194 0.111257 0.210733 
0.080793 0.068598 0.123476 0.050305 0.092988 0.117378 0.422256 0.044207 
0.501437 0.093391 0.053161 0.110632 0.041667 0.053161 0.053161 0.093391 
0.075397 0.123016 0.075397 0.197090 0.048942 0.064815 0.302910 0.112434 
0.087644 0.058908 0.099138 0.415230 0.076149 0.093391 0.093391 0.076149 
0.081117 0.214096 0.097074 0.113032 0.059840 0.043883 0.059840 0.331117 
0.128165 0.052215 0.166139 0.368671 0.115506 0.052215 0.064873 0.052215 
0.105769 0.254121 0.116758 0.276099 0.034341 0.056319 0.039835 0.116758 
0.057584 0.063202 0.226124 0.080056 0.046348 0.035112 0.417135 0.074438 
0.055405 0.147297 0.320270 0.066216 0.039189 0.077027 0.104054 0.190541 
0.037958 0.069372 0.053665 0.079843 0.053665 0.048429 0.069372 0.587696 
0.088816 0.066886 0.044956 0.062500 0.027412 0.040570 0.071272 0.597588 
0.089286 0.045330 0.078297 0.061813 0.078297 0.056319 0.550824 0.039835 
0.045082 0.061475 0.137978 0.099727 0.050546 0.056011 0.056011 0.493169 
0.119382 0.046348 0.136236 0.108146 0.051966 0.080056 0.360955 0.096910 
0.487968 0.065508 0.049465 0.060160 0.049465 0.065508 0.118984 0.102941 
0.477513 0.048942 0.091270 0.128307 0.033069 0.043651 0.128307 0.048942 
0.443370 0.045580 0.095304 0.100829 0.078729 0.106354 0.073204 0.056630 
0.385135 0.077027 0.104054 0.163514 0.044595 0.050000 0.109459 0.066216 
0.392663 0.072011 0.088315 0.110054 0.072011 0.088315 0.126359 0.050272 
0.463450 0.065789 0.048246 0.106725 0.054094 0.089181 0.065789 0.106725 
0.036802 0.666244 0.041878 0.062183 0.031726 0.036802 0.036802 0.087563 
0.394663 0.057584 0.119382 0.153090 0.040730 0.040730 0.141854 0.051966 
0.085417 0.085417 0.110417 0.052083 0.227083 0.260417 0.052083 0.127083 
0.150000 0.266279 0.163953 0.187209 0.043023 0.038372 0.033721 0.117442 
0.394133 0.113520 0.118622 0.123724 0.031888 0.031888 0.072704 0.113520 
0.188920 0.086648 0.052557 0.433239 0.041193 0.041193 0.075284 0.080966 
0.048578 0.091232 0.190758 0.029621 0.053318 0.039100 0.048578 0.498815 
0.061869 0.198232 0.107323 0.051768 0.041667 0.046717 0.046717 0.445707 
0.132576 0.061869 0.536616 0.066919 0.036616 0.036616 0.082071 0.046717 
0.058290 0.084197 0.208549 0.063472 0.058290 0.042746 0.348446 0.136010 
0.073204 0.100829 0.051105 0.537293 0.045580 0.034530 0.073204 0.084254 
0.045567 0.129310 0.050493 0.139163 0.035714 0.035714 0.045567 0.518473 
0.081658 0.111809 0.081658 0.101759 0.031407 0.036432 0.066583 0.488693 
0.104620 0.180707 0.240489 0.126359 0.050272 0.077446 0.164402 0.055707 
0.050743 0.110149 0.110149 0.535891 0.030941 0.040842 0.055693 0.065594 
0.055693 0.258663 0.060644 0.233911 0.030941 0.055693 0.065594 0.238861 
0.391463 0.108537 0.167073 0.064634 0.035366 0.035366 0.098780 0.098780 
0.573383 0.090796 0.060945 0.065920 0.036070 0.041045 0.060945 0.070896 
0.150773 0.073454 0.135309 0.068299 0.052835 0.052835 0.423969 0.042526 
0.278796 0.074607 0.137435 0.242147 0.043194 0.043194 0.095550 0.085079 
0.046804 0.179224 0.037671 0.119863 0.046804 0.046804 0.046804 0.476027 
0.043632 0.652123 0.048349 0.057783 0.038915 0.034198 0.038915 0.086085 
0.331044 0.111264 0.056319 0.138736 0.078297 0.083791 0.100275 0.100275 
0.130597 0.145522 0.180348 0.046020 0.050995 0.175373 0.190299 0.080846 
0.445652 0.035024 0.068841 0.204106 0.030193 0.092995 0.059179 0.064010 
0.366751 0.052030 0.067259 0.163706 0.077411 0.087563 0.097716 0.087563 
0.252564 0.073077 0.073077 0.406410 0.042308 0.042308 0.047436 0.062821 
0.225467 0.080607 0.132009 0.122664 0.033879 0.029206 0.061916 0.314252 
0.168719 0.104680 0.084975 0.311576 0.040640 0.055419 0.193350 0.040640 
0.123171 0.181707 0.050000 0.064634 0.050000 0.045122 0.050000 0.435366 
0.040393 0.734716 0.031659 0.040393 0.031659 0.031659 0.049127 0.040393 
0.094866 0.077009 0.518973 0.063616 0.041295 0.045759 0.108259 0.050223 
0.080846 0.090796 0.195274 0.041045 0.041045 0.046020 0.055970 0.449005 
0.100829 0.172652 0.117403 0.133978 0.078729 0.122928 0.222376 0.051105 
0.650240 0.054087 0.049279 0.063702 0.039663 0.030048 0.044471 0.068510 
0.487028 0.043632 0.133255 0.100236 0.029481 0.053066 0.053066 0.100236 
0.191463 0.045122 0.230488 0.108537 0.030488 0.050000 0.259756 0.084146 
0.072870 0.095291 0.220852 0.095291 0.032511 0.036996 0.045964 0.400224 
0.371528 0.144676 0.153935 0.149306 0.028935 0.033565 0.047454 0.070602 
0.304974 0.053665 0.179319 0.032723 0.074607 0.106021 0.069372 0.179319 
0.207108 0.074755 0.133578 0.305147 0.030637 0.030637 0.060049 0.158088 
0.483333 0.083333 0.134615 0.129487 0.032051 0.032051 0.062821 0.042308 
0.256378 0.062500 0.276786 0.103316 0.047194 0.057398 0.159439 0.036990 
0.077020 0.097222 0.066919 0.319444 0.071970 0.051768 0.268939 0.046717 
0.117150 0.078502 0.044686 0.532609 0.030193 0.030193 0.088164 0.078502 
0.294503 0.058901 0.195026 0.037958 0.053665 0.116492 0.053665 0.189791 
0.059152 0.103795 0.103795 0.478795 0.072545 0.072545 0.059152 0.050223 
0.318293 0.093902 0.050000 0.147561 0.035366 0.118293 0.054878 0.181707 
0.091629 0.082579 0.480769 0.082579 0.037330 0.028281 0.136878 0.059955 
0.240691 0.049202 0.144947 0.336436 0.065160 0.049202 0.049202 0.065160 
0.215476 0.105952 0.120238 0.129762 0.048810 0.053571 0.067857 0.258333 
0.064010 0.179952 0.228261 0.073671 0.039855 0.068841 0.276570 0.068841 
0.165525 0.042237 0.074201 0.517123 0.046804 0.037671 0.055936 0.060502 
0.034856 0.328125 0.207933 0.044471 0.092548 0.054087 0.063702 0.174279 
0.081551 0.060160 0.081551 0.086898 0.065508 0.086898 0.461230 0.076203 
0.176282 0.065171 0.278846 0.065171 0.043803 0.052350 0.244658 0.073718 
0.171277 0.120213 0.286170 0.030851 0.030851 0.026596 0.294681 0.039362 
0.422794 0.069853 0.197304 0.084559 0.035539 0.055147 0.089461 0.045343 
0.093243 0.104054 0.163514 0.125676 0.055405 0.168919 0.206757 0.082432 
0.041045 0.215174 0.210199 0.279851 0.065920 0.060945 0.075871 0.050995 
0.165493 0.043427 0.071596 0.076291 0.113850 0.043427 0.419014 0.066901 
0.359069 0.060049 0.099265 0.104167 0.064951 0.089461 0.148284 0.074755 
0.271684 0.067602 0.047194 0.144133 0.082908 0.062500 0.276786 0.047194 
0.289301 0.053493 0.354803 0.044760 0.031659 0.049127 0.097162 0.079694 
0.057609 0.318478 0.170652 0.088043 0.122826 0.079348 0.070652 0.092391 
0.065524 0.609879 0.041331 0.049395 0.037298 0.061492 0.037298 0.097782 
0.269676 0.093750 0.075231 0.195602 0.079861 0.061343 0.061343 0.163194 
0.457933 0.068510 0.049279 0.140625 0.063702 0.068510 0.049279 0.102163 
0.137324 0.071596 0.353286 0.156103 0.034038 0.034038 0.118545 0.095070 
0.358418 0.057398 0.072704 0.200255 0.047194 0.036990 0.164541 0.062500 
0.073317 0.054087 0.155048 0.058894 0.058894 0.121394 0.424279 0.054087 
0.058176 0.045597 0.177673 0.039308 0.209119 0.322327 0.083333 0.064465 
0.242045 0.042045 0.132955 0.101136 0.042045 0.051136 0.346591 0.042045 
0.258333 0.039286 0.110714 0.101190 0.067857 0.044048 0.325000 0.053571 
0.277650 0.056452 0.134793 0.296083 0.093318 0.033410 0.047235 0.061060 
0.049757 0.103155 0.248786 0.064320 0.088592 0.108010 0.171117 0.166262 
0.377381 0.101190 0.144048 0.110714 0.048810 0.053571 0.105952 0.058333 
0.097356 0.102163 0.058894 0.145433 0.044471 0.049279 0.352163 0.150240 
0.170290 0.112319 0.102657 0.373188 0.044686 0.054348 0.107488 0.035024 
0.040064 0.072115 0.078526 0.040064 0.334936 0.174679 0.072115 0.187500 
0.328409 0.114773 0.119318 0.187500 0.037500 0.042045 0.087500 0.082955 
0.091595 0.100216 0.070043 0.539871 0.031250 0.035560 0.057112 0.074353 
0.051255 0.139121 0.365063 0.147490 0.038703 0.030335 0.097280 0.130753 
0.086538 0.082265 0.125000 0.419872 0.039530 0.060897 0.150641 0.035256 
0.097356 0.280048 0.068510 0.164663 0.058894 0.078125 0.039663 0.212740 
0.031798 0.036184 0.426535 0.097588 0.053728 0.058114 0.167763 0.128289 
0.179787 0.171277 0.086170 0.205319 0.073404 0.111702 0.086170 0.086170 
0.043224 0.150701 0.160047 0.146028 0.047897 0.122664 0.281542 0.047897 
0.396739 0.114130 0.105435 0.196739 0.044565 0.035870 0.031522 0.075000 
0.350000 0.061628 0.159302 0.094186 0.052326 0.029070 0.098837 0.154651 
0.132955 0.132955 0.087500 0.078409 0.055682 0.087500 0.105682 0.319318 
0.139009 0.087284 0.065733 0.531250 0.026940 0.039871 0.065733 0.044181 
0.085280 0.103972 0.117991 0.309579 0.043224 0.052570 0.230140 0.057243 
0.524533 0.108645 0.043224 0.117991 0.033879 0.029206 0.043224 0.099299 
0.047018 0.248853 0.074541 0.391055 0.056193 0.051606 0.060780 0.069954 
0.137784 0.052557 0.171875 0.120739 0.194602 0.120739 0.115057 0.086648 
0.065367 0.074541 0.184633 0.147936 0.051606 0.047018 0.363532 0.065367 
0.074541 0.042431 0.202982 0.129587 0.042431 0.042431 0.386468 0.079128 
0.074612 0.183140 0.039729 0.551357 0.035853 0.024225 0.039729 0.051357 
0.116029 0.044258 0.092105 0.398325 0.058612 0.053828 0.149522 0.087321 
0.069005 0.123303 0.317873 0.037330 0.050905 0.050905 0.050905 0.299774 
0.187229 0.083333 0.104978 0.104978 0.053030 0.035714 0.343074 0.087662 
0.098451 0.076327 0.182522 0.275442 0.071903 0.071903 0.142699 0.080752 
0.115476 0.053571 0.120238 0.196429 0.101190 0.077381 0.305952 0.029762 
0.161392 0.077004 0.072785 0.342827 0.043249 0.034810 0.144515 0.123418 
0.058057 0.062796 0.385071 0.029621 0.043839 0.058057 0.299763 0.062796 
0.044956 0.303728 0.101974 0.378289 0.040570 0.036184 0.049342 0.044956 
0.066279 0.103488 0.298837 0.052326 0.033721 0.038372 0.363953 0.043023 
0.067857 0.058333 0.334524 0.053571 0.086905 0.039286 0.315476 0.044048 
0.254444 0.112222 0.081111 0.210000 0.054444 0.045556 0.156667 0.085556 
0.254367 0.036026 0.123362 0.332969 0.040393 0.049127 0.101528 0.062227 
0.101675 0.168660 0.087321 0.082536 0.082536 0.202153 0.192584 0.082536 
0.132415 0.051907 0.251059 0.077331 0.034958 0.030720 0.361229 0.060381 
0.054444 0.050000 0.272222 0.058889 0.027778 0.036667 0.050000 0.450000 
0.263575 0.046380 0.082579 0.367647 0.046380 0.037330 0.087104 0.069005 
0.306818 0.054752 0.100207 0.149793 0.029959 0.029959 0.265496 0.063017 
0.108369 0.074034 0.138412 0.344421 0.061159 0.048283 0.189914 0.035408 
0.381004 0.049127 0.079694 0.127729 0.027293 0.049127 0.215066 0.070961 
0.289024 0.313415 0.093902 0.089024 0.054878 0.040244 0.045122 0.074390 
0.188433 0.046642 0.098881 0.069030 0.233209 0.210821 0.091418 0.061567 
0.046178 0.052548 0.109873 0.039809 0.243631 0.237261 0.199045 0.071656 
0.093000 0.053000 0.549000 0.045000 0.029000 0.041000 0.089000 0.101000 
0.454449 0.060381 0.229873 0.115466 0.026483 0.030720 0.030720 0.051907 
0.221875 0.130208 0.096875 0.301042 0.042708 0.034375 0.134375 0.038542 
0.209716 0.062796 0.086493 0.129147 0.053318 0.067536 0.328199 0.062796 
0.067217 0.161557 0.043632 0.562500 0.038915 0.029481 0.048349 0.048349 
0.149563 0.140830 0.062227 0.398472 0.031659 0.088428 0.057860 0.070961 
0.069129 0.125947 0.031250 0.046402 0.023674 0.023674 0.031250 0.648674 
0.079694 0.153930 0.036026 0.184498 0.075328 0.049127 0.180131 0.241266 
0.046591 0.051136 0.392045 0.042045 0.064773 0.028409 0.287500 0.087500 
0.090824 0.113296 0.521536 0.038390 0.042135 0.034644 0.079588 0.079588 
0.057229 0.105422 0.077309 0.531124 0.029116 0.053213 0.109438 0.037149 
0.067478 0.598451 0.071903 0.058628 0.054204 0.045354 0.027655 0.076327 
0.347588 0.115132 0.093202 0.268640 0.027412 0.036184 0.058114 0.053728 
0.080752 0.040929 0.182522 0.049779 0.032080 0.036504 0.094027 0.483407 
0.096743 0.154215 0.188697 0.181034 0.031609 0.035441 0.054598 0.257663 
0.401899 0.089662 0.068565 0.228903 0.043249 0.030591 0.081224 0.055907 
0.054598 0.276820 0.123563 0.387931 0.043103 0.039272 0.035441 0.039272 
0.046804 0.037671 0.033105 0.060502 0.069635 0.074201 0.599315 0.078767 
0.331395 0.052326 0.080233 0.284884 0.061628 0.033721 0.122093 0.033721 
0.157839 0.098517 0.560381 0.056144 0.030720 0.026483 0.039195 0.030720 
0.324755 0.084559 0.094363 0.212010 0.064951 0.064951 0.064951 0.089461 
0.056402 0.178354 0.105183 0.068598 0.379573 0.092988 0.074695 0.044207 
0.080544 0.055439 0.063808 0.519874 0.051255 0.080544 0.080544 0.067992 
0.037409 0.781934 0.041058 0.037409 0.026460 0.026460 0.026460 0.022810 
0.069005 0.200226 0.372172 0.109729 0.032805 0.032805 0.132353 0.050905 
0.372934 0.058884 0.046488 0.125000 0.046488 0.083678 0.087810 0.178719 
0.047481 0.070736 0.373062 0.031977 0.047481 0.031977 0.109496 0.287791 
0.371875 0.138542 0.076042 0.117708 0.034375 0.038542 0.092708 0.130208 
0.493164 0.059570 0.071289 0.145508 0.032227 0.040039 0.102539 0.055664 
0.064229 0.036561 0.222332 0.036561 0.044466 0.091897 0.048419 0.455534 
0.065668 0.116359 0.157834 0.107143 0.056452 0.074885 0.111751 0.309908 
0.169181 0.190733 0.044181 0.276940 0.039871 0.052802 0.130388 0.095905 
0.228541 0.069742 0.125536 0.215665 0.048283 0.048283 0.146996 0.116953 
0.412055 0.060277 0.178854 0.139328 0.036561 0.032609 0.091897 0.048419 
0.113225 0.109601 0.087862 0.102355 0.026268 0.029891 0.022645 0.508152 
0.588740 0.031489 0.069656 0.104008 0.023855 0.035305 0.050573 0.096374 
0.247908 0.042887 0.093096 0.310669 0.042887 0.059623 0.172594 0.030335 
0.073887 0.110324 0.150810 0.167004 0.086032 0.073887 0.284413 0.053644 
0.160204 0.421429 0.045918 0.164286 0.041837 0.029592 0.037755 0.098980 
0.076087 0.068182 0.333004 0.056324 0.024704 0.044466 0.210474 0.186759 
0.088740 0.046756 0.092557 0.077290 0.042939 0.065840 0.058206 0.527672 
0.026654 0.780331 0.034007 0.030331 0.030331 0.030331 0.030331 0.037684 
0.253261 0.057609 0.070652 0.366304 0.035870 0.070652 0.096739 0.048913 
0.048611 0.659722 0.088294 0.064484 0.028770 0.044643 0.032738 0.032738 
0.036853 0.060757 0.080677 0.068725 0.052789 0.056773 0.602590 0.040837 
0.344727 0.051758 0.211914 0.239258 0.028320 0.028320 0.067383 0.028320 
0.185811 0.167793 0.064189 0.109234 0.055180 0.095721 0.055180 0.266892 
0.082265 0.270299 0.210470 0.099359 0.043803 0.107906 0.090812 0.095085 
0.098837 0.047674 0.145349 0.312791 0.084884 0.136047 0.084884 0.089535 
0.056507 0.049658 0.070205 0.056507 0.138699 0.419521 0.104452 0.104452 
0.253151 0.043067 0.101891 0.261555 0.055672 0.059874 0.169118 0.055672 
0.345905 0.082974 0.087284 0.139009 0.082974 0.065733 0.065733 0.130388 
0.121972 0.118512 0.523356 0.028547 0.025087 0.032007 0.073529 0.076990 
0.032686 0.668728 0.032686 0.060954 0.039753 0.032686 0.022085 0.110424 
0.068609 0.203947 0.173872 0.376880 0.038534 0.027256 0.049812 0.061090 
0.408333 0.175000 0.137963 0.108333 0.026852 0.034259 0.045370 0.063889 
0.316802 0.049595 0.110324 0.219636 0.045547 0.053644 0.110324 0.094130 
0.070255 0.179745 0.139599 0.416971 0.026460 0.033759 0.059307 0.073905 
0.092708 0.117708 0.205208 0.092708 0.051042 0.059375 0.313542 0.067708 
0.094727 0.129883 0.059570 0.481445 0.028320 0.047852 0.114258 0.043945 
0.385628 0.045547 0.146761 0.223684 0.033401 0.037449 0.073887 0.053644 
0.266566 0.061747 0.049699 0.049699 0.302711 0.176205 0.055723 0.037651 
0.050205 0.328893 0.156762 0.156762 0.042008 0.058402 0.033811 0.173156 
0.074034 0.082618 0.091202 0.146996 0.056867 0.078326 0.370172 0.099785 
0.047386 0.040850 0.099673 0.047386 0.400327 0.145425 0.165033 0.053922 
0.051105 0.095304 0.106354 0.034530 0.150552 0.454420 0.056630 0.051105 
0.436607 0.054464 0.086607 0.104464 0.033036 0.029464 0.061607 0.193750 
0.026442 0.789263 0.023237 0.039263 0.029647 0.032853 0.023237 0.036058 
0.095455 0.135455 0.284545 0.186364 0.033636 0.022727 0.048182 0.193636 
0.064229 0.044466 0.408103 0.032609 0.044466 0.072134 0.250000 0.083992 
0.230843 0.077586 0.227011 0.119732 0.043103 0.081418 0.104406 0.115900 
0.103596 0.168664 0.055651 0.151541 0.021404 0.021404 0.041952 0.435788 
0.139423 0.250962 0.047115 0.389423 0.035577 0.043269 0.054808 0.039423 
0.093173 0.048893 0.572878 0.041513 0.023063 0.026753 0.141144 0.052583 
0.191468 0.072421 0.064484 0.092262 0.068452 0.072421 0.358135 0.080357 
0.432460 0.081653 0.065524 0.162298 0.049395 0.045363 0.121976 0.041331 
0.062500 0.044207 0.135671 0.038110 0.245427 0.306402 0.092988 0.074695 
0.037823 0.521218 0.026753 0.240775 0.030443 0.048893 0.026753 0.067343 
0.363889 0.056481 0.082407 0.108333 0.037963 0.041667 0.123148 0.186111 
0.043440 0.121454 0.114362 0.585993 0.046986 0.025709 0.036348 0.025709 
0.342150 0.099829 0.120307 0.222696 0.024744 0.021331 0.034983 0.133959 
0.056481 0.089815 0.212037 0.134259 0.037963 0.026852 0.034259 0.408333 
0.340909 0.083992 0.076087 0.226285 0.087945 0.032609 0.091897 0.060277 
0.048893 0.119004 0.495387 0.078413 0.034133 0.034133 0.063653 0.126384 
0.095280 0.074301 0.343531 0.210664 0.028846 0.028846 0.077797 0.140734 
0.159747 0.094765 0.055054 0.268051 0.022563 0.022563 0.040614 0.336643 
0.157839 0.123941 0.195975 0.166314 0.034958 0.026483 0.208686 0.085805 
0.162186 0.083333 0.051075 0.129928 0.036738 0.036738 0.054659 0.445341 
0.052974 0.131041 0.119888 0.525093 0.041822 0.038104 0.056691 0.034387 
0.056066 0.460478 0.173713 0.133272 0.022978 0.034007 0.067096 0.052390 
0.188628 0.156137 0.098375 0.242780 0.022563 0.040614 0.062274 0.188628 
0.043675 0.037651 0.055723 0.049699 0.411145 0.158133 0.049699 0.194277 
0.190359 0.108660 0.461601 0.040033 0.023693 0.030229 0.075980 0.069444 
0.109649 0.053509 0.106140 0.035965 0.046491 0.099123 0.488596 0.060526 
0.030109 0.070255 0.139599 0.041058 0.088504 0.081204 0.044708 0.504562 
0.151786 0.044643 0.044643 0.064484 0.048611 0.116071 0.080357 0.449405 
0.536871 0.130396 0.065647 0.080036 0.065647 0.044065 0.054856 0.022482 
0.053509 0.046491 0.067544 0.134211 0.025439 0.025439 0.039474 0.607895 
0.131731 0.062500 0.054808 0.574038 0.035577 0.031731 0.074038 0.035577 
0.064286 0.035714 0.041429 0.035714 0.292857 0.327143 0.155714 0.047143 
0.057985 0.339354 0.160646 0.042776 0.035171 0.092205 0.141635 0.130228 
0.253000 0.061000 0.097000 0.353000 0.041000 0.089000 0.037000 0.069000 
0.050189 0.213068 0.065341 0.516098 0.035038 0.050189 0.038826 0.031250 
0.088504 0.070255 0.095803 0.059307 0.048358 0.197993 0.154197 0.285584 
0.066216 0.060811 0.055405 0.114865 0.255405 0.331081 0.077027 0.039189 
0.462177 0.048893 0.037823 0.207565 0.041513 0.045203 0.045203 0.111624 
0.030669 0.064126 0.060409 0.647770 0.026952 0.052974 0.056691 0.060409 
0.347792 0.089117 0.098580 0.041798 0.022871 0.051262 0.089117 0.259464 
0.135057 0.135057 0.054598 0.491379 0.035441 0.054598 0.039272 0.054598 
0.061553 0.129735 0.114583 0.425189 0.046402 0.050189 0.027462 0.144886 
0.072134 0.064229 0.048419 0.593874 0.036561 0.028656 0.087945 0.068182 
0.102542 0.153390 0.085593 0.505932 0.021186 0.034746 0.051695 0.044915 
0.534946 0.051075 0.101254 0.129928 0.029570 0.029570 0.061828 0.061828 
0.068792 0.041946 0.068792 0.216443 0.176174 0.317114 0.055369 0.055369 
0.037879 0.068182 0.189394 0.037879 0.021044 0.027778 0.047980 0.569865 
0.062155 0.051105 0.111878 0.034530 0.277624 0.316298 0.089779 0.056630 
0.426306 0.068097 0.053172 0.277052 0.049440 0.045709 0.034515 0.045709 
0.388993 0.068097 0.060634 0.303172 0.038246 0.060634 0.041978 0.038246 
0.211095 0.075648 0.055476 0.113112 0.032421 0.020893 0.018012 0.473343 
0.306364 0.150000 0.110000 0.091818 0.051818 0.048182 0.150000 0.091818 
0.092020 0.163681 0.059446 0.078990 0.033388 0.039902 0.039902 0.492671 
0.041295 0.054688 0.068080 0.063616 0.237723 0.206473 0.063616 0.264509 
0.063368 0.108507 0.049479 0.323785 0.021701 0.021701 0.025174 0.386285 
0.034509 0.080521 0.727761 0.034509 0.028374 0.034509 0.022239 0.037577 
0.536348 0.071809 0.075355 0.132092 0.025709 0.029255 0.078901 0.050532 
0.254121 0.039835 0.045330 0.061813 0.358516 0.149725 0.056319 0.034341 
0.050000 0.095614 0.102632 0.130702 0.064035 0.060526 0.411404 0.085088 
0.050000 0.148361 0.315574 0.043443 0.036885 0.059836 0.204098 0.141803 
0.102830 0.110377 0.114151 0.170755 0.080189 0.102830 0.057547 0.261321 
0.037004 0.094765 0.065884 0.585740 0.047834 0.069495 0.055054 0.044224 
0.023234 0.495353 0.242565 0.064126 0.023234 0.030669 0.026952 0.093866 
0.546029 0.037004 0.087545 0.051444 0.037004 0.044224 0.152527 0.044224 
0.055651 0.035103 0.514555 0.045377 0.069349 0.096747 0.130993 0.052226 
0.078704 0.034259 0.282407 0.041667 0.049074 0.030556 0.060185 0.423148 
0.119243 0.096217 0.096217 0.425164 0.023849 0.033717 0.099507 0.106086 
0.124008 0.076389 0.080357 0.040675 0.028770 0.024802 0.056548 0.568452 
0.119888 0.038104 0.287175 0.034387 0.026952 0.052974 0.049257 0.391264 
0.424157 0.124532 0.117041 0.090824 0.053371 0.072097 0.079588 0.038390 
0.049308 0.049308 0.357266 0.149654 0.021626 0.028547 0.149654 0.194637 
0.081418 0.066092 0.276820 0.062261 0.081418 0.169540 0.161877 0.100575 
0.086473 0.315925 0.165240 0.069349 0.045377 0.041952 0.237158 0.038527 
0.025986 0.187276 0.423835 0.065412 0.040323 0.036738 0.090502 0.129928 
0.049847 0.105061 0.402607 0.031442 0.034509 0.055982 0.117331 0.203221 
0.096519 0.058544 0.077532 0.090190 0.197785 0.292722 0.115506 0.071203 
0.038826 0.250947 0.118371 0.046402 0.053977 0.084280 0.069129 0.338068 
0.032918 0.573843 0.043594 0.153915 0.040036 0.047153 0.029359 0.079181 
0.184426 0.338525 0.063115 0.200820 0.020492 0.027049 0.099180 0.066393 
0.080078 0.064453 0.072266 0.064453 0.111328 0.205078 0.291016 0.111328 
0.055112 0.186102 0.122204 0.039137 0.055112 0.051917 0.067891 0.422524 
0.238679 0.065094 0.065094 0.412264 0.057547 0.057547 0.065094 0.038679 
0.071070 0.385452 0.278428 0.037625 0.051003 0.047659 0.057692 0.071070 
0.206140 0.048246 0.059942 0.054094 0.229532 0.223684 0.130117 0.048246 
0.054813 0.038770 0.060160 0.038770 0.188503 0.407754 0.167112 0.044118 
0.102993 0.057218 0.222711 0.166373 0.064261 0.043134 0.289613 0.053697 
0.020308 0.689776 0.045518 0.059524 0.025910 0.034314 0.025910 0.098739 
0.060954 0.237633 0.050353 0.251767 0.043286 0.053887 0.043286 0.258834 
0.401541 0.059075 0.028253 0.178938 0.035103 0.035103 0.045377 0.216610 
0.329336 0.071033 0.045203 0.262915 0.089483 0.059963 0.093173 0.048893 
0.058908 0.058908 0.047414 0.041667 0.260057 0.352011 0.104885 0.076149 
0.055419 0.094828 0.104680 0.060345 0.415025 0.173645 0.045567 0.050493 
0.059783 0.190217 0.078416 0.435559 0.034938 0.047360 0.034938 0.118789 
0.024167 0.194167 0.064167 0.040833 0.020833 0.020833 0.040833 0.594167 
0.404966 0.209760 0.096747 0.103596 0.031678 0.048801 0.055651 0.048801 
0.132401 0.109375 0.148849 0.132401 0.027138 0.030428 0.365954 0.053454 
0.047806 0.668495 0.035266 0.066614 0.038401 0.038401 0.032132 0.072884 
0.588087 0.027685 0.061242 0.125000 0.024329 0.034396 0.084732 0.054530 
0.057692 0.171405 0.418896 0.124582 0.027592 0.030936 0.054348 0.114548 
0.087793 0.188127 0.422241 0.111204 0.024247 0.020903 0.054348 0.091137 
0.110401 0.041058 0.292883 0.037409 0.033759 0.260036 0.179745 0.044708 
0.089399 0.140032 0.048259 0.310918 0.041930 0.041930 0.048259 0.279272 
0.044167 0.087500 0.487500 0.037500 0.050833 0.067500 0.067500 0.157500 
0.061747 0.055723 0.073795 0.109940 0.182229 0.393072 0.055723 0.067771 
0.052007 0.041058 0.161496 0.216241 0.048358 0.033759 0.406022 0.041058 
0.459030 0.134615 0.161371 0.040970 0.034281 0.044314 0.037625 0.087793 
0.044753 0.038580 0.050926 0.050926 0.341049 0.273148 0.155864 0.044753 
0.219565 0.054348 0.150000 0.106522 0.080435 0.080435 0.158696 0.150000 
0.140374 0.049465 0.070856 0.044118 0.359626 0.241979 0.033422 0.060160 
0.023387 0.736290 0.042742 0.029839 0.036290 0.042742 0.033065 0.055645 
0.170513 0.042308 0.052564 0.067949 0.314103 0.257692 0.062821 0.032051 
0.233636 0.113636 0.142727 0.102727 0.073636 0.070000 0.175455 0.088182 
0.085866 0.107143 0.237842 0.368541 0.061550 0.040274 0.040274 0.058511 
0.058901 0.153141 0.058901 0.058901 0.420157 0.142670 0.058901 0.048429 
0.082880 0.039402 0.088315 0.142663 0.343750 0.213315 0.033967 0.055707 
0.038527 0.675514 0.041952 0.041952 0.041952 0.048801 0.028253 0.083048 
0.036802 0.209391 0.041878 0.031726 0.417513 0.163706 0.041878 0.057107 
0.046020 0.041045 0.055970 0.031095 0.394279 0.195274 0.175373 0.060945 
0.082880 0.033967 0.077446 0.066576 0.289402 0.240489 0.169837 0.039402 
0.062075 0.306973 0.099490 0.062075 0.065476 0.089286 0.133503 0.181122 
0.069901 0.211349 0.227796 0.346217 0.027138 0.027138 0.043586 0.046875 
0.324346 0.040033 0.128268 0.098856 0.043301 0.046569 0.278595 0.040033 
0.141437 0.101682 0.422783 0.055810 0.046636 0.104740 0.049694 0.077217 
0.070000 0.047143 0.058571 0.052857 0.167143 0.258571 0.047143 0.298571 
0.313574 0.066151 0.086770 0.320447 0.062715 0.031787 0.042096 0.076460 
0.062155 0.040055 0.073204 0.045580 0.150552 0.465470 0.095304 0.067680 
0.076258 0.041667 0.560535 0.038522 0.025943 0.029088 0.082547 0.145440 
0.063368 0.087674 0.361979 0.028646 0.046007 0.066840 0.101562 0.243924 
0.041149 0.103261 0.447981 0.084627 0.022516 0.025621 0.156056 0.118789 
0.112620 0.083866 0.237220 0.406550 0.023163 0.026358 0.087061 0.023163 
0.045820 0.158360 0.103698 0.438103 0.023312 0.023312 0.052251 0.155145 
0.207377 0.092623 0.200820 0.063115 0.030328 0.020492 0.325410 0.059836 
0.053385 0.235677 0.063802 0.037760 0.251302 0.251302 0.048177 0.058594 
0.042832 0.053322 0.049825 0.661713 0.063811 0.032343 0.053322 0.042832 
0.465643 0.091374 0.079678 0.088450 0.029971 0.053363 0.041667 0.149854 
0.021626 0.070069 0.087370 0.032007 0.038927 0.111592 0.616782 0.021626 
0.101372 0.098323 0.092226 0.555640 0.019055 0.019055 0.058689 0.055640 
0.213235 0.040033 0.046569 0.036765 0.053105 0.059641 0.477941 0.072712 
0.023387 0.694355 0.039516 0.052419 0.023387 0.052419 0.029839 0.084677 
0.042411 0.107887 0.164435 0.116815 0.024554 0.027530 0.042411 0.473958 
0.056743 0.418586 0.060033 0.283717 0.023849 0.020559 0.033717 0.102796 
0.038743 0.053363 0.331140 0.032895 0.021199 0.018275 0.471491 0.032895 
0.150510 0.147109 0.259354 0.072279 0.068878 0.123299 0.085884 0.092687 
0.654797 0.070494 0.064680 0.041424 0.035610 0.032703 0.029797 0.070494 
0.108131 0.073529 0.156574 0.440311 0.049308 0.063149 0.076990 0.032007 
0.051630 0.044384 0.037138 0.519022 0.044384 0.055254 0.192935 0.055254 
0.058894 0.054087 0.068510 0.044471 0.106971 0.203125 0.058894 0.405048 
0.051262 0.259464 0.404574 0.092271 0.057571 0.057571 0.041798 0.035489 
0.016491 0.085092 0.050792 0.082454 0.016491 0.021768 0.045515 0.681398 
0.055272 0.048469 0.045068 0.660714 0.048469 0.038265 0.062075 0.041667 
0.144802 0.065594 0.045792 0.090347 0.402228 0.144802 0.040842 0.065594 
0.091783 0.042832 0.301573 0.070804 0.046329 0.074301 0.312063 0.060315 
0.125822 0.122533 0.132401 0.135691 0.073191 0.086349 0.240954 0.083059 
0.168006 0.103698 0.081190 0.405949 0.036174 0.045820 0.081190 0.077974 
0.059179 0.044686 0.030193 0.064010 0.324879 0.204106 0.228261 0.044686 
0.239418 0.054233 0.048942 0.064815 0.133598 0.361111 0.043651 0.054233 
0.175234 0.053738 0.278037 0.134735 0.031931 0.031931 0.253115 0.041277 
0.320957 0.122937 0.139439 0.261551 0.027228 0.040429 0.063531 0.023927 
0.420833 0.120833 0.090833 0.247500 0.030833 0.030833 0.030833 0.027500 
0.259231 0.154615 0.237692 0.111538 0.028462 0.068462 0.074615 0.065385 
0.102891 0.041667 0.473639 0.051871 0.041667 0.048469 0.123299 0.116497 
0.028873 0.265493 0.130282 0.071127 0.023239 0.026056 0.028873 0.426056 
0.135350 0.052548 0.058917 0.186306 0.294586 0.128981 0.084395 0.058917 
0.128307 0.033069 0.043651 0.091270 0.181217 0.376984 0.101852 0.043651 
0.095721 0.041667 0.041667 0.037162 0.158784 0.478604 0.086712 0.059685 
0.248328 0.057692 0.097826 0.201505 0.054348 0.047659 0.244983 0.047659 
0.057753 0.098892 0.529272 0.041930 0.064082 0.060918 0.079905 0.067247 
0.130259 0.046117 0.101133 0.243528 0.068770 0.072006 0.152913 0.185275 
0.118876 0.176513 0.110231 0.412824 0.023775 0.026657 0.081412 0.049712 
0.050833 0.060833 0.054167 0.460833 0.027500 0.037500 0.244167 0.064167 
0.403153 0.090841 0.219970 0.096847 0.036787 0.033784 0.063814 0.054805 
0.206288 0.316718 0.120399 0.120399 0.037577 0.046779 0.055982 0.095859 
0.059028 0.117361 0.453472 0.064583 0.036806 0.039583 0.192361 0.036806 
0.035366 0.054878 0.059756 0.035366 0.254878 0.250000 0.259756 0.050000 
0.044048 0.063095 0.110714 0.039286 0.410714 0.172619 0.105952 0.053571 
0.073344 0.085962 0.114353 0.231073 0.089117 0.044953 0.322555 0.038644 
0.154834 0.197130 0.206193 0.151813 0.061178 0.082326 0.067221 0.079305 
0.103821 0.266611 0.090532 0.150332 0.040698 0.040698 0.123754 0.183555 
0.028153 0.077703 0.091216 0.064189 0.375000 0.212838 0.091216 0.059685 
0.485518 0.070884 0.080030 0.098323 0.061738 0.061738 0.110518 0.031250 
0.065534 0.042880 0.065534 0.628641 0.029935 0.068770 0.042880 0.055825 
