0.160643 0.124498 0.389558 0.100402 0.112450 0.112450 
0.095785 0.130268 0.233716 0.130268 0.314176 0.095785 
0.160643 0.184739 0.196787 0.112450 0.208835 0.136546 
0.219697 0.287879 0.151515 0.094697 0.140152 0.106061 
0.164751 0.141762 0.256705 0.141762 0.187739 0.107280 
0.416667 0.137821 0.147436 0.080128 0.137821 0.080128 
0.124542 0.432234 0.113553 0.113553 0.091575 0.124542 
0.221122 0.221122 0.161716 0.161716 0.151815 0.082508 
0.121864 0.089606 0.358423 0.111111 0.229391 0.089606 
0.183183 0.327327 0.255255 0.075075 0.075075 0.084084 
0.170868 0.170868 0.347339 0.078431 0.162465 0.070028 
0.260726 0.181518 0.240924 0.092409 0.122112 0.102310 
0.113960 0.447293 0.173789 0.096866 0.088319 0.079772 
0.114478 0.114478 0.215488 0.084175 0.377104 0.094276 
0.118457 0.101928 0.176309 0.093664 0.399449 0.110193 
0.414330 0.105919 0.143302 0.087227 0.133956 0.115265 
0.128852 0.507003 0.128852 0.086835 0.078431 0.070028 
0.528736 0.123563 0.114943 0.071839 0.089080 0.071839 
0.345345 0.147147 0.183183 0.111111 0.138138 0.075075 
0.211594 0.324638 0.176812 0.072464 0.133333 0.081159 
0.373457 0.160494 0.234568 0.077160 0.077160 0.077160 
0.395833 0.154762 0.172619 0.083333 0.092262 0.101190 
0.113960 0.148148 0.182336 0.079772 0.387464 0.088319 
0.442529 0.140805 0.123563 0.080460 0.140805 0.071839 
0.163399 0.163399 0.163399 0.183007 0.163399 0.163399 
0.163399 0.163399 0.163399 0.183007 0.163399 0.163399 
0.170868 0.204482 0.263305 0.103641 0.179272 0.078431 
0.102778 0.094444 0.102778 0.111111 0.494444 0.094444 
0.086111 0.094444 0.127778 0.094444 0.494444 0.102778 
0.313725 0.128852 0.196078 0.078431 0.196078 0.086835 
0.126722 0.184573 0.382920 0.077135 0.151515 0.077135 
0.137255 0.095238 0.254902 0.145658 0.280112 0.086835 
0.218391 0.140805 0.270115 0.097701 0.192529 0.080460 
0.376812 0.150725 0.133333 0.124638 0.107246 0.107246 
0.376590 0.300254 0.109415 0.063613 0.086514 0.063613 
0.167920 0.333333 0.243108 0.070175 0.122807 0.062657 
0.256831 0.183060 0.191257 0.109290 0.150273 0.109290 
0.401084 0.132791 0.157182 0.116531 0.100271 0.092141 
0.168950 0.114155 0.155251 0.251142 0.182648 0.127854 
0.423280 0.113757 0.097884 0.082011 0.208995 0.074074 
0.469945 0.076503 0.109290 0.084699 0.174863 0.084699 
0.131054 0.370370 0.173789 0.139601 0.088319 0.096866 
0.374696 0.133820 0.265207 0.068127 0.097324 0.060827 
0.087179 0.141026 0.533333 0.064103 0.094872 0.079487 
0.117949 0.464103 0.141026 0.133333 0.071795 0.071795 
0.134367 0.196382 0.382429 0.095607 0.118863 0.072351 
0.102564 0.471795 0.156410 0.102564 0.087179 0.079487 
0.146465 0.123737 0.373737 0.070707 0.214646 0.070707 
0.099502 0.166667 0.196517 0.166667 0.308458 0.062189 
0.393720 0.154589 0.198068 0.089372 0.096618 0.067633 
0.146930 0.160088 0.114035 0.107456 0.410088 0.061404 
0.238095 0.145238 0.216667 0.066667 0.266667 0.066667 
0.262467 0.128609 0.317585 0.065617 0.152231 0.073491 
0.309711 0.112861 0.293963 0.065617 0.144357 0.073491 
0.256039 0.350242 0.132850 0.096618 0.082126 0.082126 
0.192214 0.192214 0.148418 0.214112 0.177616 0.075426 
0.340686 0.164216 0.230392 0.061275 0.142157 0.061275 
0.080103 0.134367 0.545220 0.087855 0.080103 0.072351 
0.187135 0.160819 0.187135 0.195906 0.187135 0.081871 
0.314010 0.089372 0.205314 0.089372 0.234300 0.067633 
0.475066 0.160105 0.081365 0.065617 0.136483 0.081365 
0.095556 0.215556 0.302222 0.068889 0.262222 0.055556 
0.107226 0.086247 0.191142 0.065268 0.491841 0.058275 
0.202667 0.250667 0.226667 0.098667 0.106667 0.114667 
0.109524 0.130952 0.266667 0.102381 0.309524 0.080952 
0.147343 0.219807 0.118357 0.125604 0.248792 0.140097 
0.055928 0.082774 0.170022 0.076063 0.545861 0.069351 
0.178922 0.134804 0.311275 0.134804 0.178922 0.061275 
0.349882 0.243499 0.165485 0.059102 0.115839 0.066194 
0.376417 0.179138 0.165533 0.083900 0.104308 0.090703 
0.079060 0.085470 0.091880 0.079060 0.598291 0.066239 
0.406863 0.149510 0.237745 0.061275 0.083333 0.061275 
0.264368 0.236782 0.154023 0.105747 0.147126 0.091954 
0.088300 0.101545 0.227373 0.128035 0.366446 0.088300 
0.068433 0.154525 0.339956 0.088300 0.247241 0.101545 
0.193416 0.076132 0.119342 0.069959 0.471193 0.069959 
0.122807 0.431078 0.130326 0.092732 0.077694 0.145363 
0.465784 0.200883 0.114790 0.088300 0.075055 0.055188 
0.316302 0.279805 0.111922 0.104623 0.090024 0.097324 
0.475556 0.142222 0.115556 0.068889 0.142222 0.055556 
0.081140 0.462719 0.252193 0.061404 0.067982 0.074561 
0.104938 0.114198 0.095679 0.299383 0.104938 0.280864 
0.346578 0.207506 0.094923 0.128035 0.161148 0.061810 
0.450249 0.084577 0.129353 0.069652 0.189055 0.077114 
0.487374 0.085859 0.093434 0.101010 0.085859 0.146465 
0.115591 0.438172 0.115591 0.123656 0.083333 0.123656 
0.073286 0.122931 0.243499 0.059102 0.442080 0.059102 
0.378251 0.179669 0.165485 0.087470 0.101655 0.087470 
0.480331 0.144928 0.144928 0.082816 0.082816 0.064182 
0.319540 0.271264 0.140230 0.064368 0.119540 0.085057 
0.439815 0.085648 0.217593 0.064815 0.120370 0.071759 
0.193613 0.367265 0.193613 0.061876 0.109780 0.073852 
0.331407 0.123314 0.296724 0.082852 0.117534 0.048170 
0.055188 0.114790 0.525386 0.068433 0.167770 0.068433 
0.402299 0.071264 0.078161 0.140230 0.216092 0.091954 
0.355120 0.211329 0.113290 0.061002 0.191721 0.067538 
0.470862 0.086247 0.149184 0.079254 0.142191 0.072261 
0.542793 0.117117 0.117117 0.076577 0.083333 0.063063 
0.519814 0.114219 0.100233 0.079254 0.121212 0.065268 
0.438034 0.111111 0.104701 0.123932 0.162393 0.059829 
0.495833 0.183333 0.114583 0.052083 0.102083 0.052083 
0.082222 0.435556 0.148889 0.088889 0.102222 0.142222 
0.094412 0.071291 0.285164 0.059730 0.435453 0.053950 
0.282974 0.131894 0.131894 0.203837 0.160671 0.088729 
0.491841 0.107226 0.114219 0.100233 0.121212 0.065268 
0.113725 0.331373 0.201961 0.101961 0.196078 0.054902 
0.105747 0.519540 0.147126 0.071264 0.064368 0.091954 
0.298354 0.329218 0.131687 0.069959 0.076132 0.094650 
0.508333 0.114583 0.114583 0.058333 0.152083 0.052083 
0.550538 0.118280 0.098925 0.066667 0.105376 0.060215 
0.082375 0.254789 0.404215 0.076628 0.111111 0.070881 
0.166667 0.146119 0.242009 0.180365 0.173516 0.091324 
0.438697 0.139847 0.220307 0.082375 0.070881 0.047893 
0.290828 0.170022 0.351230 0.055928 0.069351 0.062640 
0.193939 0.157576 0.103030 0.257576 0.093939 0.193939 
0.085185 0.135185 0.140741 0.096296 0.485185 0.057407 
0.423695 0.116466 0.158635 0.056225 0.188755 0.056225 
0.090730 0.090730 0.641026 0.049310 0.067061 0.061144 
0.174897 0.242798 0.248971 0.063786 0.199588 0.069959 
0.082774 0.109620 0.102908 0.123043 0.498881 0.082774 
0.479029 0.194260 0.101545 0.068433 0.081678 0.075055 
0.343685 0.325052 0.151139 0.051760 0.070393 0.057971 
0.575049 0.153996 0.101365 0.060429 0.060429 0.048733 
0.395699 0.156989 0.131183 0.124731 0.086022 0.105376 
0.437984 0.089147 0.205426 0.077519 0.141473 0.048450 
0.442029 0.143116 0.083333 0.050725 0.230072 0.050725 
0.127619 0.127619 0.539048 0.053333 0.099048 0.053333 
0.063395 0.683027 0.069530 0.051125 0.081800 0.051125 
0.141527 0.130354 0.297952 0.063315 0.320298 0.046555 
0.423695 0.122490 0.170683 0.068273 0.128514 0.086345 
0.313008 0.343496 0.087398 0.075203 0.123984 0.056911 
0.118908 0.048733 0.089669 0.077973 0.604288 0.060429 
0.092369 0.110442 0.273092 0.074297 0.375502 0.074297 
0.504873 0.142300 0.118908 0.083821 0.101365 0.048733 
0.490310 0.100775 0.077519 0.065891 0.199612 0.065891 
0.225877 0.377193 0.192982 0.061404 0.061404 0.081140 
0.164729 0.129845 0.118217 0.071705 0.461240 0.054264 
0.141762 0.141762 0.118774 0.164751 0.314176 0.118774 
0.143137 0.066667 0.278431 0.060784 0.396078 0.054902 
0.153996 0.475634 0.118908 0.107212 0.089669 0.054581 
0.483539 0.156379 0.131687 0.057613 0.106996 0.063786 
0.508547 0.111111 0.117521 0.091880 0.098291 0.072650 
0.077083 0.414583 0.189583 0.095833 0.120833 0.102083 
0.247619 0.287619 0.116190 0.087619 0.196190 0.064762 
0.198618 0.265976 0.338515 0.053541 0.100173 0.043178 
0.151013 0.062615 0.300184 0.079190 0.349908 0.057090 
0.126736 0.074653 0.355903 0.064236 0.335069 0.043403 
0.404339 0.108481 0.167653 0.078895 0.173570 0.067061 
0.198686 0.110016 0.090312 0.050903 0.484401 0.065681 
0.502058 0.131687 0.156379 0.069959 0.088477 0.051440 
0.198748 0.090767 0.513302 0.048513 0.104851 0.043818 
0.417154 0.224172 0.142300 0.066277 0.077973 0.072125 
0.267730 0.219858 0.262411 0.054965 0.150709 0.044326 
0.428839 0.243446 0.102996 0.086142 0.074906 0.063670 
0.520947 0.138434 0.127505 0.067395 0.094718 0.051002 
0.190016 0.107890 0.272142 0.045089 0.344605 0.040258 
0.164049 0.137871 0.462478 0.069808 0.111693 0.054101 
0.081301 0.514228 0.111789 0.123984 0.075203 0.093496 
0.519157 0.116858 0.093870 0.065134 0.145594 0.059387 
0.165785 0.393298 0.081129 0.091711 0.186949 0.081129 
0.346743 0.059387 0.157088 0.157088 0.203065 0.076628 
0.134752 0.081560 0.145390 0.086879 0.496454 0.054965 
0.426160 0.166667 0.141350 0.065401 0.078059 0.122363 
0.309524 0.067766 0.128205 0.089744 0.358974 0.045788 
0.086142 0.479401 0.187266 0.091760 0.108614 0.046816 
0.072072 0.093694 0.466667 0.072072 0.245045 0.050450 
0.069808 0.095986 0.158813 0.122164 0.483421 0.069808 
0.119883 0.137427 0.128655 0.062865 0.514620 0.036550 
0.095238 0.600733 0.073260 0.106227 0.051282 0.073260 
0.160291 0.089253 0.275046 0.078324 0.329690 0.067395 
0.170412 0.350187 0.226592 0.080524 0.091760 0.080524 
0.509804 0.162210 0.071301 0.108734 0.092692 0.055258 
0.514991 0.160494 0.139330 0.070547 0.070547 0.044092 
0.427256 0.101289 0.189687 0.095764 0.068140 0.117864 
0.531532 0.142342 0.109910 0.061261 0.082883 0.072072 
0.420290 0.181159 0.164855 0.099638 0.061594 0.072464 
0.487329 0.083821 0.113060 0.130604 0.124756 0.060429 
0.098139 0.062606 0.052453 0.042301 0.702200 0.042301 
0.456929 0.215356 0.147940 0.063670 0.069288 0.046816 
0.127778 0.077778 0.102778 0.386111 0.119444 0.186111 
0.206202 0.066667 0.238760 0.052713 0.387597 0.048062 
0.358844 0.119048 0.251701 0.047619 0.175170 0.047619 
0.587121 0.115530 0.087121 0.058712 0.098485 0.053030 
0.048973 0.058452 0.252765 0.058452 0.518167 0.063191 
0.082492 0.077441 0.254209 0.057239 0.471380 0.057239 
0.138047 0.117845 0.597643 0.042088 0.057239 0.047138 
0.089810 0.478411 0.229706 0.079447 0.058722 0.063903 
0.515654 0.162063 0.068140 0.057090 0.139963 0.057090 
0.144499 0.060755 0.045977 0.055829 0.651888 0.041051 
0.117253 0.087102 0.202680 0.041876 0.504188 0.046901 
0.153986 0.273551 0.262681 0.099638 0.143116 0.067029 
0.442244 0.061056 0.155116 0.046205 0.249175 0.046205 
0.165017 0.075908 0.140264 0.070957 0.486799 0.061056 
0.435772 0.108943 0.255285 0.050407 0.104065 0.045528 
0.548922 0.081260 0.165837 0.061360 0.091211 0.051410 
0.151203 0.517182 0.130584 0.063574 0.068729 0.068729 
0.389180 0.164049 0.174520 0.069808 0.153578 0.048866 
0.111111 0.074581 0.060883 0.074581 0.617960 0.060883 
0.067610 0.067610 0.100629 0.053459 0.666667 0.044025 
0.452381 0.155678 0.084249 0.111722 0.111722 0.084249 
0.091211 0.215589 0.230514 0.170813 0.215589 0.076285 
0.586151 0.093398 0.112721 0.059581 0.064412 0.083736 
0.453469 0.164129 0.087986 0.108291 0.098139 0.087986 
0.560684 0.094017 0.135043 0.058120 0.109402 0.042735 
0.281931 0.076324 0.272586 0.043614 0.272586 0.052960 
0.307061 0.292282 0.100164 0.090312 0.159278 0.050903 
0.138211 0.074797 0.069919 0.108943 0.543089 0.065041 
0.053857 0.049491 0.049491 0.045124 0.761281 0.040757 
0.108631 0.171131 0.537202 0.046131 0.081845 0.055060 
0.071310 0.071310 0.334992 0.066335 0.384743 0.071310 
0.167587 0.294659 0.134438 0.106814 0.178637 0.117864 
0.573718 0.078526 0.174679 0.049679 0.073718 0.049679 
0.444969 0.133648 0.143082 0.044025 0.180818 0.053459 
0.143089 0.474797 0.201626 0.055285 0.069919 0.055285 
0.167414 0.086697 0.342302 0.050822 0.310912 0.041854 
0.399691 0.080247 0.242284 0.038580 0.200617 0.038580 
0.143106 0.111693 0.441536 0.143106 0.095986 0.064572 
0.408497 0.080065 0.163399 0.065359 0.236928 0.045752 
0.488889 0.124786 0.217094 0.047863 0.078632 0.042735 
0.353741 0.210884 0.231293 0.073129 0.073129 0.057823 
0.324916 0.324916 0.072391 0.062290 0.132997 0.082492 
0.639291 0.083736 0.064412 0.040258 0.132045 0.040258 
0.143106 0.090750 0.436300 0.111693 0.106457 0.111693 
0.430060 0.130952 0.081845 0.077381 0.193452 0.086310 
0.377236 0.157724 0.143089 0.113821 0.143089 0.065041 
0.123680 0.236802 0.449472 0.042232 0.105581 0.042232 
0.523050 0.081560 0.182624 0.081560 0.065603 0.065603 
0.253968 0.144444 0.239683 0.092063 0.220635 0.049206 
0.136876 0.257649 0.296296 0.083736 0.175523 0.049919 
0.631659 0.083714 0.088280 0.051750 0.097412 0.047184 
0.054487 0.112179 0.217949 0.102564 0.443910 0.068910 
0.162210 0.483066 0.098039 0.081996 0.081996 0.092692 
0.099715 0.467236 0.215100 0.056980 0.112536 0.048433 
0.112057 0.273759 0.401418 0.035461 0.137589 0.039716 
0.339869 0.212418 0.261438 0.060458 0.075163 0.050654 
0.201802 0.309910 0.136937 0.131532 0.120721 0.099099 
0.185738 0.160862 0.250415 0.061360 0.270315 0.071310 
0.165884 0.461659 0.095462 0.071987 0.090767 0.114241 
0.330065 0.236928 0.133987 0.114379 0.104575 0.080065 
0.277211 0.338435 0.098639 0.057823 0.129252 0.098639 
0.189229 0.119360 0.512373 0.053857 0.075691 0.049491 
0.079710 0.136232 0.266667 0.131884 0.297101 0.088406 
0.086022 0.086022 0.065860 0.065860 0.646505 0.049731 
0.464506 0.098765 0.098765 0.061728 0.186728 0.089506 
0.544872 0.059295 0.068910 0.107372 0.155449 0.064103 
0.236307 0.161189 0.339593 0.039124 0.184664 0.039124 
0.460884 0.149660 0.134354 0.088435 0.119048 0.047619 
0.092949 0.467949 0.126603 0.136218 0.092949 0.083333 
0.064990 0.109015 0.234801 0.178197 0.071279 0.341719 
0.342424 0.383333 0.106061 0.046970 0.065152 0.056061 
0.192063 0.444444 0.177778 0.077778 0.053968 0.053968 
0.499232 0.070661 0.144393 0.089094 0.130568 0.066052 
0.088997 0.215210 0.258900 0.127832 0.200647 0.108414 
0.392063 0.134921 0.268254 0.073016 0.087302 0.044444 
0.136218 0.467949 0.112179 0.083333 0.145833 0.054487 
0.504026 0.132045 0.098229 0.040258 0.146538 0.078905 
0.085470 0.085470 0.130342 0.085470 0.168803 0.444444 
0.437879 0.119697 0.174242 0.060606 0.156061 0.051515 
0.579023 0.079023 0.104885 0.040230 0.160920 0.035920 
0.156206 0.143654 0.470014 0.043236 0.143654 0.043236 
0.420228 0.232194 0.150997 0.056980 0.086895 0.052707 
0.227564 0.059295 0.121795 0.078526 0.434295 0.078526 
0.089181 0.194444 0.523392 0.067251 0.062865 0.062865 
0.329078 0.120567 0.141844 0.103546 0.201418 0.103546 
0.160436 0.333333 0.183801 0.132399 0.127726 0.062305 
0.514493 0.088406 0.140580 0.062319 0.140580 0.053623 
0.345736 0.182946 0.196899 0.052713 0.173643 0.048062 
0.115152 0.178788 0.283333 0.133333 0.219697 0.069697 
0.548851 0.079023 0.087644 0.035920 0.208333 0.040230 
0.338006 0.277259 0.080997 0.043614 0.207165 0.052960 
0.627726 0.057632 0.118380 0.048287 0.109034 0.038941 
0.428135 0.079511 0.116208 0.065749 0.235474 0.074924 
0.160985 0.189394 0.212121 0.178030 0.098485 0.160985 
0.102446 0.414373 0.276758 0.079511 0.084098 0.042813 
0.079511 0.409786 0.299694 0.061162 0.097859 0.051988 
0.497416 0.074935 0.055556 0.047804 0.284238 0.040052 
0.384370 0.207337 0.140351 0.073365 0.130781 0.063796 
0.073906 0.087481 0.476621 0.060332 0.250377 0.051282 
0.148629 0.464646 0.148629 0.044733 0.131313 0.062049 
0.430678 0.138643 0.151917 0.050147 0.125369 0.103245 
0.187302 0.377778 0.120635 0.077778 0.111111 0.125397 
0.520394 0.153305 0.094233 0.056259 0.119550 0.056259 
0.053712 0.366509 0.399684 0.063191 0.063191 0.053712 
0.238304 0.062865 0.111111 0.049708 0.488304 0.049708 
0.099225 0.480620 0.220155 0.052713 0.108527 0.038760 
0.049206 0.411111 0.287302 0.063492 0.092063 0.096825 
0.445926 0.165926 0.152593 0.068148 0.108148 0.059259 
0.516739 0.193595 0.084425 0.049491 0.093159 0.062591 
0.111643 0.283892 0.154705 0.116427 0.164274 0.169059 
0.158192 0.433616 0.221751 0.048023 0.098870 0.039548 
0.094815 0.081481 0.450370 0.063704 0.272593 0.037037 
0.594268 0.110106 0.119155 0.064857 0.069382 0.042232 
0.348485 0.385675 0.108815 0.034435 0.075758 0.046832 
0.456366 0.241774 0.108727 0.057225 0.061516 0.074392 
0.368268 0.263464 0.154294 0.053857 0.106259 0.053857 
0.386992 0.104065 0.108943 0.055285 0.279675 0.065041 
0.106965 0.129353 0.203980 0.293532 0.062189 0.203980 
0.072187 0.231423 0.104034 0.282378 0.065817 0.244161 
0.041333 0.141333 0.629333 0.053333 0.089333 0.045333 
0.420904 0.086158 0.310734 0.035311 0.111582 0.035311 
0.451389 0.159722 0.109722 0.043056 0.184722 0.051389 
0.304897 0.328594 0.139021 0.072670 0.091627 0.063191 
0.619497 0.058176 0.081761 0.048742 0.143082 0.048742 
0.538574 0.097525 0.071325 0.066958 0.163028 0.062591 
0.092172 0.039141 0.130051 0.050505 0.656566 0.031566 
0.259098 0.163028 0.132460 0.093159 0.294032 0.058224 
0.065152 0.333333 0.415152 0.065152 0.065152 0.056061 
0.061174 0.113608 0.548065 0.042447 0.181024 0.053683 
0.583668 0.137885 0.065596 0.041499 0.125837 0.045515 
0.067847 0.067847 0.103245 0.063422 0.647493 0.050147 
0.589181 0.102339 0.097953 0.040936 0.124269 0.045322 
0.063422 0.081121 0.483776 0.050147 0.280236 0.041298 
0.212005 0.077905 0.254151 0.070243 0.349936 0.035760 
0.562588 0.102672 0.119550 0.077356 0.094233 0.043601 
0.326948 0.054917 0.169860 0.047254 0.346105 0.054917 
0.074581 0.627093 0.060883 0.070015 0.060883 0.106545 
0.578295 0.145736 0.108527 0.066667 0.048062 0.052713 
0.179379 0.056497 0.607345 0.039548 0.077684 0.039548 
0.452614 0.094771 0.158497 0.070261 0.143791 0.080065 
0.081301 0.130081 0.160569 0.288618 0.111789 0.227642 
0.541144 0.093445 0.110181 0.135286 0.059972 0.059972 
0.055961 0.030414 0.034063 0.037713 0.804136 0.037713 
0.123680 0.164404 0.404223 0.046757 0.223228 0.037707 
0.472452 0.137741 0.104683 0.121212 0.121212 0.042700 
0.055556 0.175711 0.516796 0.059432 0.136951 0.055556 
0.476389 0.143056 0.084722 0.055556 0.197222 0.043056 
0.501302 0.220052 0.083333 0.052083 0.106771 0.036458 
0.056653 0.092227 0.499341 0.104084 0.179183 0.068511 
0.130568 0.130568 0.213518 0.116743 0.347158 0.061444 
0.363506 0.208333 0.091954 0.048851 0.225575 0.061782 
0.370529 0.250358 0.113019 0.061516 0.138770 0.065808 
0.463768 0.127800 0.242424 0.032938 0.088274 0.044796 
0.189614 0.041063 0.124396 0.048309 0.559179 0.037440 
0.478372 0.127226 0.230280 0.039440 0.089059 0.035623 
0.482566 0.244073 0.093445 0.080893 0.055788 0.043236 
0.268556 0.296896 0.139001 0.070175 0.122807 0.102564 
0.311565 0.074830 0.062585 0.054422 0.454422 0.042177 
0.096179 0.210804 0.471673 0.048748 0.127800 0.044796 
0.142494 0.111959 0.207379 0.104326 0.382952 0.050891 
0.045343 0.034314 0.049020 0.041667 0.795343 0.034314 
0.549275 0.171014 0.088406 0.044928 0.071014 0.075362 
0.068783 0.044974 0.116402 0.037037 0.679894 0.052910 
0.084993 0.618858 0.108898 0.061089 0.065073 0.061089 
0.516927 0.071615 0.290365 0.032552 0.052083 0.036458 
0.240240 0.087087 0.096096 0.100601 0.397898 0.078078 
0.112536 0.215100 0.219373 0.155271 0.253561 0.044160 
0.308527 0.141085 0.196899 0.131783 0.108527 0.113178 
0.077626 0.132420 0.125571 0.262557 0.070776 0.331050 
0.404762 0.219888 0.156863 0.081232 0.077031 0.060224 
0.406609 0.117816 0.147989 0.074713 0.139368 0.113506 
0.073818 0.125721 0.610150 0.028835 0.129181 0.032295 
0.061249 0.047114 0.068316 0.036514 0.736160 0.050648 
0.433584 0.068922 0.155388 0.042607 0.260652 0.038847 
0.475309 0.067901 0.212346 0.041975 0.164198 0.038272 
0.418354 0.195682 0.130904 0.086370 0.114710 0.053981 
0.431873 0.081509 0.139903 0.041363 0.267640 0.037713 
0.109722 0.380556 0.197222 0.080556 0.163889 0.068056 
0.528646 0.141927 0.106771 0.059896 0.130208 0.032552 
0.580297 0.126856 0.122807 0.049933 0.082321 0.037787 
0.230924 0.074297 0.080321 0.242972 0.086345 0.285141 
0.140710 0.042350 0.218579 0.079235 0.460383 0.058743 
0.173104 0.374821 0.121602 0.121602 0.160229 0.048641 
0.054466 0.191721 0.100218 0.257081 0.074074 0.322440 
0.062615 0.090239 0.090239 0.471455 0.079190 0.206262 
0.451190 0.090476 0.172619 0.058333 0.194048 0.033333 
0.058761 0.029915 0.029915 0.036325 0.802350 0.042735 
0.266667 0.059394 0.357576 0.033939 0.244848 0.037576 
0.076416 0.297760 0.428195 0.060606 0.056653 0.080369 
0.250319 0.158365 0.323116 0.120051 0.093231 0.054917 
0.210046 0.073059 0.117580 0.031963 0.538813 0.028539 
0.439744 0.082051 0.062821 0.043590 0.328205 0.043590 
0.075031 0.130381 0.654367 0.041820 0.063961 0.034440 
0.179894 0.414021 0.152116 0.112434 0.080688 0.060847 
0.509409 0.158602 0.138441 0.081989 0.069892 0.041667 
0.056911 0.111789 0.197154 0.221545 0.063008 0.349593 
0.163592 0.049200 0.056581 0.052891 0.639606 0.038130 
0.441975 0.201235 0.086420 0.049383 0.164198 0.056790 
0.522459 0.043735 0.160757 0.047281 0.189125 0.036643 
0.519909 0.038680 0.141069 0.031854 0.240046 0.028441 
0.127160 0.049383 0.367901 0.045679 0.367901 0.041975 
0.519104 0.119895 0.111989 0.076416 0.111989 0.060606 
0.060271 0.104551 0.510455 0.052891 0.230012 0.041820 
0.214452 0.172494 0.417249 0.053613 0.113054 0.029138 
0.333333 0.091456 0.206980 0.048135 0.290012 0.030084 
0.247175 0.230226 0.221751 0.039548 0.217514 0.043785 
0.219833 0.083632 0.105137 0.076464 0.485066 0.029869 
0.499380 0.094176 0.109046 0.071871 0.187113 0.038414 
0.129902 0.111520 0.251225 0.049020 0.424020 0.034314 
0.423586 0.105897 0.185319 0.044525 0.210590 0.030084 
0.062249 0.086345 0.158635 0.194779 0.116466 0.381526 
0.131808 0.154684 0.559913 0.027233 0.089325 0.037037 
0.078363 0.545029 0.152047 0.088889 0.060819 0.074854 
0.063260 0.085158 0.493917 0.099757 0.172749 0.085158 
0.164021 0.116402 0.100529 0.267196 0.302910 0.048942 
0.504796 0.137890 0.130695 0.076739 0.098321 0.051559 
0.141520 0.060819 0.138012 0.046784 0.583626 0.029240 
0.628205 0.112821 0.078205 0.047436 0.089744 0.043590 
0.059048 0.184762 0.076190 0.293333 0.047619 0.339048 
0.088720 0.153359 0.195184 0.126743 0.389100 0.046895 
0.561333 0.073333 0.093333 0.105333 0.121333 0.045333 
0.535354 0.080808 0.077020 0.061869 0.202020 0.042929 
0.081509 0.344282 0.114355 0.278589 0.125304 0.055961 
0.169369 0.109910 0.077477 0.190991 0.077477 0.374775 
0.613776 0.063961 0.041820 0.111931 0.126691 0.041820 
0.570012 0.090458 0.060719 0.049566 0.183395 0.045849 
0.215563 0.108307 0.417455 0.070452 0.158780 0.029443 
0.583653 0.093231 0.058748 0.039591 0.169860 0.054917 
0.486111 0.058081 0.126263 0.054293 0.220960 0.054293 
0.483531 0.179183 0.092227 0.040843 0.159420 0.044796 
0.502825 0.079096 0.092655 0.031638 0.265537 0.028249 
0.610514 0.126643 0.105137 0.044205 0.072879 0.040621 
0.270694 0.076063 0.076063 0.136465 0.069351 0.371365 
0.071829 0.081930 0.415264 0.065095 0.334456 0.031425 
0.046041 0.139963 0.139963 0.200737 0.057090 0.416206 
0.691542 0.053483 0.046020 0.046020 0.094527 0.068408 
0.676617 0.072139 0.049751 0.042289 0.090796 0.068408 
0.271854 0.047070 0.098943 0.041306 0.508165 0.032661 
0.263030 0.204848 0.139394 0.088485 0.255758 0.048485 
0.170467 0.062975 0.134636 0.062975 0.525516 0.043431 
0.063988 0.081845 0.130952 0.345238 0.193452 0.184524 
0.199074 0.046296 0.042824 0.032407 0.650463 0.028935 
0.031697 0.050102 0.770961 0.037832 0.071575 0.037832 
0.618203 0.121749 0.107565 0.029551 0.082742 0.040189 
0.249084 0.084249 0.062271 0.084249 0.073260 0.446886 
0.141520 0.439766 0.134503 0.071345 0.148538 0.064327 
0.060109 0.227322 0.479781 0.040437 0.151913 0.040437 
0.197484 0.122013 0.140881 0.174843 0.310692 0.054088 
0.542720 0.069795 0.066185 0.058965 0.181709 0.080626 
0.060719 0.038414 0.265180 0.038414 0.562577 0.034696 
0.196149 0.517449 0.138387 0.055355 0.048135 0.044525 
0.069635 0.165525 0.549087 0.093607 0.045662 0.076484 
0.082716 0.075309 0.664198 0.071605 0.071605 0.034568 
0.435307 0.155702 0.178728 0.037281 0.165570 0.027412 
0.092593 0.088624 0.406085 0.044974 0.326720 0.041005 
0.045849 0.064436 0.726146 0.042131 0.064436 0.057001 
0.495630 0.124844 0.136080 0.049938 0.106117 0.087391 
0.143022 0.181084 0.437140 0.039216 0.167243 0.032295 
0.097063 0.257982 0.288633 0.189017 0.089400 0.077905 
0.083333 0.347032 0.203196 0.055936 0.257991 0.052511 
0.076464 0.119474 0.463560 0.040621 0.241338 0.058542 
0.083845 0.102249 0.531697 0.043967 0.188139 0.050102 
0.090717 0.103376 0.166667 0.394515 0.090717 0.154008 
0.084596 0.069444 0.224747 0.092172 0.455808 0.073232 
0.107948 0.051008 0.051008 0.043891 0.691578 0.054567 
0.348634 0.128962 0.112568 0.027322 0.351913 0.030601 
0.111979 0.338542 0.127604 0.174479 0.104167 0.143229 
0.058573 0.125666 0.208733 0.058573 0.483493 0.064963 
0.608805 0.106918 0.076730 0.057862 0.080503 0.069182 
0.078038 0.081382 0.328874 0.047938 0.395764 0.068004 
0.230019 0.142300 0.077973 0.165692 0.077973 0.306043 
0.049911 0.178253 0.098039 0.349376 0.055258 0.269162 
0.201878 0.370892 0.233568 0.096244 0.057512 0.039906 
0.034547 0.028945 0.076564 0.037348 0.782446 0.040149 
0.213192 0.089517 0.078916 0.068316 0.499411 0.050648 
0.576484 0.073059 0.052511 0.069635 0.182648 0.045662 
0.492005 0.167282 0.115621 0.089791 0.056581 0.078721 
0.047893 0.151341 0.099617 0.352490 0.070881 0.277778 
0.080460 0.085386 0.129721 0.223317 0.080460 0.400657 
0.333333 0.038302 0.087992 0.053830 0.432712 0.053830 
0.051111 0.067778 0.077778 0.031111 0.744444 0.027778 
0.415525 0.083333 0.141553 0.073059 0.251142 0.035388 
0.185307 0.415570 0.175439 0.057018 0.129386 0.037281 
0.051202 0.041797 0.051202 0.032393 0.759666 0.063741 
0.598434 0.152125 0.074944 0.031320 0.098434 0.044743 
0.114827 0.074693 0.432553 0.031215 0.295429 0.051282 
0.101449 0.068004 0.449275 0.027871 0.322185 0.031215 
0.052311 0.347932 0.285888 0.190998 0.041363 0.081509 
0.273207 0.061181 0.073840 0.105485 0.453586 0.032700 
0.054444 0.121111 0.564444 0.067778 0.121111 0.071111 
0.122490 0.110442 0.098394 0.333333 0.068273 0.267068 
0.216545 0.515815 0.118005 0.048662 0.052311 0.048662 
0.265329 0.128205 0.298774 0.064660 0.201784 0.041249 
0.063786 0.187243 0.063786 0.384774 0.057613 0.242798 
0.185507 0.133333 0.376812 0.115942 0.098551 0.089855 
0.119430 0.055258 0.156863 0.210339 0.055258 0.402852 
0.039785 0.046237 0.030108 0.052688 0.788172 0.043011 
0.150427 0.114530 0.083761 0.263248 0.058120 0.329915 
0.241212 0.226667 0.201212 0.132121 0.150303 0.048485 
0.417427 0.043566 0.335360 0.052685 0.095238 0.055724 
0.080279 0.101222 0.090750 0.331588 0.095986 0.300175 
0.202899 0.050725 0.137681 0.170290 0.045290 0.393116 
0.038813 0.052511 0.052511 0.052511 0.740868 0.062785 
0.072758 0.042301 0.052453 0.179357 0.225042 0.428088 
0.051410 0.185738 0.066335 0.290216 0.056385 0.349917 
0.088768 0.224638 0.094203 0.197464 0.050725 0.344203 
0.133787 0.133787 0.188209 0.082766 0.361678 0.099773 
0.283991 0.066886 0.307018 0.043860 0.267544 0.030702 
0.288671 0.409586 0.157952 0.059913 0.043573 0.040305 
0.126402 0.086646 0.527013 0.074414 0.104995 0.080530 
0.081905 0.070476 0.104762 0.356190 0.253333 0.133333 
0.588774 0.052692 0.104238 0.066438 0.128293 0.059565 
0.068140 0.128913 0.095764 0.421731 0.057090 0.228361 
0.067086 0.142558 0.576520 0.032495 0.142558 0.038784 
0.042824 0.164352 0.560185 0.091435 0.081019 0.060185 
0.084886 0.159420 0.469979 0.035197 0.221532 0.028986 
0.534611 0.119276 0.205538 0.026624 0.077742 0.036209 
0.322615 0.039657 0.126474 0.026795 0.448017 0.036442 
0.191257 0.391257 0.204372 0.040437 0.142077 0.030601 
0.048611 0.100694 0.100694 0.335069 0.178819 0.236111 
0.571096 0.106061 0.064103 0.053613 0.141026 0.064103 
0.313840 0.109162 0.348928 0.065302 0.120858 0.041910 
0.042676 0.658593 0.080738 0.077278 0.053057 0.087659 
0.580285 0.086382 0.071138 0.031504 0.202236 0.028455 
0.118736 0.608932 0.105664 0.079521 0.043573 0.043573 
0.033333 0.033333 0.039785 0.049462 0.797849 0.046237 
0.114087 0.051587 0.328373 0.027778 0.453373 0.024802 
0.135965 0.060307 0.076754 0.027412 0.668860 0.030702 
0.038986 0.524366 0.302144 0.027290 0.079922 0.027290 
0.184807 0.120181 0.249433 0.157596 0.229025 0.058957 
0.532946 0.050388 0.227713 0.059109 0.093992 0.035853 
0.516724 0.149942 0.129181 0.049596 0.080738 0.073818 
0.403382 0.287440 0.077295 0.055556 0.117150 0.059179 
0.078526 0.131410 0.174679 0.318910 0.217949 0.078526 
0.111462 0.092534 0.480547 0.086225 0.180862 0.048370 
0.074758 0.077397 0.101143 0.029903 0.692172 0.024626 
0.650794 0.069161 0.092971 0.041950 0.092971 0.052154 
0.184818 0.061056 0.061056 0.239274 0.095710 0.358086 
0.134033 0.375291 0.294872 0.067599 0.057110 0.071096 
0.165570 0.251096 0.191886 0.158991 0.185307 0.047149 
0.579850 0.100750 0.103966 0.055734 0.113612 0.046088 
0.064412 0.243156 0.054750 0.117552 0.083736 0.436393 
0.239859 0.054674 0.086420 0.287478 0.070547 0.261023 
0.262721 0.343718 0.253375 0.053998 0.050883 0.035306 
0.555556 0.067107 0.169417 0.040704 0.123212 0.044004 
0.511111 0.184444 0.121111 0.037778 0.101111 0.044444 
0.308718 0.117949 0.287179 0.059487 0.170256 0.056410 
0.103175 0.195011 0.511338 0.055556 0.079365 0.055556 
0.065728 0.046009 0.220657 0.029108 0.606573 0.031925 
0.282378 0.110403 0.084926 0.237792 0.059448 0.225053 
0.234568 0.086420 0.049383 0.324515 0.044092 0.261023 
0.105105 0.127628 0.055556 0.366366 0.046547 0.298799 
0.425864 0.241918 0.118172 0.071349 0.098105 0.044593 
0.067511 0.077004 0.608650 0.054852 0.111814 0.080169 
0.363538 0.127292 0.214671 0.091694 0.156419 0.046386 
0.433237 0.147935 0.098943 0.038425 0.251681 0.029779 
0.441111 0.317778 0.064444 0.051111 0.097778 0.027778 
0.364364 0.100100 0.298298 0.052052 0.145145 0.040040 
0.332311 0.077710 0.126789 0.043967 0.362986 0.056237 
0.078704 0.209259 0.509259 0.045370 0.112037 0.045370 
0.045528 0.265041 0.099187 0.255285 0.045528 0.289431 
0.058730 0.115873 0.125397 0.187302 0.073016 0.439683 
0.300736 0.382755 0.092534 0.089380 0.057834 0.076761 
0.236657 0.085599 0.254783 0.136959 0.242699 0.043303 
0.253599 0.124031 0.173865 0.050941 0.349945 0.047619 
0.060060 0.123123 0.132132 0.154655 0.064565 0.465465 
0.397358 0.251016 0.104675 0.086382 0.098577 0.061992 
0.667745 0.056095 0.098166 0.043150 0.081985 0.052859 
0.221226 0.041854 0.073244 0.355755 0.055306 0.252616 
0.046832 0.162534 0.096419 0.179063 0.071625 0.443526 
0.054890 0.054890 0.063872 0.039920 0.761477 0.024950 
0.096061 0.580211 0.098943 0.038425 0.119116 0.067243 
0.251042 0.104167 0.141667 0.088542 0.379167 0.035417 
0.120545 0.258910 0.196017 0.104822 0.249476 0.070231 
0.048689 0.059925 0.576779 0.029026 0.242509 0.043071 
0.284553 0.400407 0.138211 0.071138 0.068089 0.037602 
0.038873 0.050534 0.070943 0.047619 0.756074 0.035957 
0.547619 0.087992 0.091097 0.047619 0.184265 0.041408 
0.524103 0.121026 0.173333 0.041026 0.102564 0.037949 
0.124307 0.060174 0.162312 0.043547 0.580364 0.029295 
0.663599 0.053170 0.068507 0.047035 0.105317 0.062372 
0.639059 0.059305 0.068507 0.065440 0.123722 0.043967 
0.252465 0.069034 0.421105 0.051282 0.175542 0.030572 
0.208709 0.060060 0.051051 0.285285 0.055556 0.339339 
0.053763 0.065494 0.138807 0.036168 0.678397 0.027370 
0.072524 0.059972 0.105997 0.302650 0.093445 0.365411 
0.121212 0.130781 0.121212 0.326954 0.059011 0.240829 
0.087268 0.138770 0.091559 0.297568 0.087268 0.297568 
0.307534 0.075335 0.223942 0.066047 0.230134 0.097007 
0.079675 0.099187 0.118699 0.377236 0.055285 0.269919 
0.157724 0.089431 0.104065 0.191870 0.060163 0.396748 
0.172673 0.073574 0.091592 0.199700 0.109610 0.352853 
0.078150 0.121212 0.145136 0.484848 0.068581 0.102073 
0.101106 0.053712 0.191153 0.328594 0.053712 0.271722 
0.076072 0.063624 0.221300 0.154910 0.047026 0.437068 
0.140508 0.131540 0.077728 0.127055 0.059791 0.463378 
0.054955 0.044144 0.195495 0.022523 0.657658 0.025225 
0.480507 0.115010 0.085770 0.117934 0.158869 0.041910 
0.245265 0.091856 0.043561 0.049242 0.532197 0.037879 
0.587449 0.127572 0.050412 0.075103 0.105967 0.053498 
0.132760 0.545368 0.106972 0.043935 0.118434 0.052531 
0.168699 0.220528 0.229675 0.065041 0.281504 0.034553 
0.042870 0.145232 0.675416 0.032371 0.071741 0.032371 
0.384690 0.277132 0.137597 0.050388 0.105620 0.044574 
0.119658 0.279915 0.315171 0.119658 0.074786 0.090812 
0.076389 0.238889 0.059722 0.155556 0.038889 0.430556 
0.138634 0.361876 0.257900 0.059123 0.132518 0.049949 
0.342670 0.154995 0.275444 0.076564 0.107376 0.042951 
0.041910 0.085770 0.705653 0.056530 0.074074 0.036062 
0.087719 0.207337 0.054226 0.293461 0.063796 0.293461 
0.225571 0.042009 0.061187 0.042009 0.600913 0.028311 
0.428289 0.101879 0.125618 0.045500 0.256182 0.042532 
0.057930 0.060779 0.425451 0.037987 0.388414 0.029440 
0.067682 0.255499 0.082910 0.275804 0.093063 0.225042 
0.087986 0.230118 0.052453 0.235195 0.052453 0.341794 
0.162107 0.551165 0.055724 0.070922 0.095238 0.064843 
0.228453 0.169263 0.312565 0.097612 0.138110 0.053998 
0.321351 0.135076 0.184096 0.099129 0.180828 0.079521 
0.584886 0.109731 0.063147 0.047619 0.150104 0.044513 
0.094515 0.124895 0.499578 0.036287 0.223629 0.021097 
0.412381 0.106667 0.118095 0.095238 0.226667 0.040952 
0.046338 0.082212 0.091181 0.544096 0.082212 0.153961 
0.460271 0.189922 0.178295 0.047481 0.038760 0.085271 
0.049933 0.049933 0.211876 0.228070 0.094467 0.365722 
0.433943 0.190041 0.126016 0.068089 0.129065 0.052846 
0.162963 0.248677 0.159788 0.115344 0.229630 0.083598 
0.587844 0.043685 0.060779 0.072175 0.206078 0.029440 
0.112847 0.102431 0.615451 0.026910 0.118056 0.024306 
0.046832 0.059229 0.216253 0.331956 0.071625 0.274105 
0.065749 0.240061 0.084098 0.240061 0.038226 0.331804 
0.214612 0.044749 0.069406 0.039269 0.589954 0.042009 
0.040404 0.070707 0.101010 0.468975 0.066378 0.252525 
0.042350 0.263661 0.046448 0.345628 0.034153 0.267760 
0.094474 0.514260 0.198752 0.078431 0.051693 0.062389 
0.596675 0.132108 0.166229 0.032371 0.048119 0.024497 
0.066396 0.216802 0.054201 0.310298 0.037940 0.314363 
0.519358 0.224740 0.091596 0.040604 0.049103 0.074599 
0.218244 0.236147 0.197783 0.057118 0.256607 0.034101 
0.181004 0.046595 0.361111 0.062724 0.310036 0.038530 
0.190896 0.129222 0.067548 0.239354 0.049927 0.323054 
0.066343 0.042071 0.112460 0.022654 0.733819 0.022654 
0.033606 0.676658 0.085377 0.077203 0.063579 0.063579 
0.048366 0.032680 0.201307 0.216993 0.118954 0.381699 
0.055556 0.267267 0.051051 0.123123 0.078078 0.424925 
0.094618 0.659722 0.068576 0.026910 0.110243 0.039931 
0.065248 0.112057 0.048227 0.503546 0.078014 0.192908 
0.052933 0.211731 0.048641 0.340486 0.044349 0.301860 
0.445081 0.078319 0.095511 0.052531 0.261700 0.066858 
0.126389 0.172222 0.084722 0.163889 0.051389 0.401389 
0.188109 0.515595 0.071150 0.074074 0.103314 0.047758 
0.069801 0.193732 0.082621 0.129630 0.056980 0.467236 
0.162813 0.509634 0.107900 0.064547 0.084778 0.070328 
0.167989 0.092593 0.076720 0.298942 0.041005 0.322751 
0.192040 0.395025 0.108458 0.177114 0.054726 0.072637 
0.049200 0.060271 0.111931 0.492005 0.100861 0.185732 
0.054873 0.138411 0.708436 0.027846 0.042588 0.027846 
0.039377 0.050366 0.135531 0.039377 0.687729 0.047619 
0.291782 0.452447 0.106187 0.031394 0.081256 0.036934 
0.643773 0.091575 0.099817 0.042125 0.064103 0.058608 
0.116006 0.102790 0.080764 0.256975 0.080764 0.362702 
0.066667 0.082576 0.273485 0.048485 0.505303 0.023485 
0.202724 0.111378 0.195513 0.060897 0.404647 0.024840 
0.404122 0.070789 0.277778 0.027778 0.191756 0.027778 
0.043965 0.041567 0.578737 0.039169 0.276579 0.019984 
0.050340 0.152381 0.115646 0.303401 0.058503 0.319728 
0.060986 0.364244 0.399332 0.043442 0.053467 0.078530 
0.278309 0.074960 0.374003 0.058214 0.189793 0.024721 
0.055556 0.171835 0.074935 0.098191 0.059432 0.540052 
0.070513 0.262821 0.032051 0.224359 0.039744 0.370513 
0.096264 0.247126 0.066092 0.147989 0.066092 0.376437 
0.089491 0.037767 0.296388 0.037767 0.513136 0.025452 
0.070789 0.366487 0.135305 0.060036 0.291219 0.076165 
0.197037 0.117037 0.085926 0.241481 0.054815 0.303704 
0.105174 0.056828 0.163698 0.028838 0.614080 0.031383 
0.192557 0.260518 0.338188 0.037217 0.124595 0.046926 
0.359627 0.092451 0.270568 0.026293 0.229856 0.021204 
0.549431 0.111111 0.163605 0.042870 0.092738 0.040245 
0.049084 0.049084 0.635897 0.040293 0.198535 0.027106 
0.036316 0.141375 0.110246 0.312581 0.059663 0.339818 
0.098916 0.046070 0.127371 0.273713 0.078591 0.375339 
0.079235 0.095628 0.124317 0.370219 0.042350 0.288251 
0.049728 0.082362 0.408702 0.026418 0.406371 0.026418 
0.072829 0.068627 0.140056 0.312325 0.077031 0.329132 
0.044271 0.036458 0.063802 0.345052 0.251302 0.259115 
0.042177 0.066667 0.127891 0.258503 0.087075 0.417687 
0.293924 0.281609 0.153530 0.079639 0.136289 0.055008 
0.042646 0.045257 0.619669 0.042646 0.149695 0.100087 
0.053548 0.057564 0.057564 0.182062 0.238286 0.410977 
0.379197 0.101556 0.307944 0.037674 0.126126 0.047502 
0.232818 0.181271 0.250859 0.026632 0.274055 0.034364 
0.529361 0.042314 0.086356 0.065630 0.226252 0.050086 
0.031299 0.040689 0.545383 0.054773 0.242567 0.085290 
0.456424 0.203055 0.092543 0.052111 0.132974 0.062893 
0.037037 0.052910 0.080688 0.445767 0.152116 0.231481 
0.151866 0.063063 0.101673 0.244530 0.055341 0.383526 
0.205556 0.059722 0.068056 0.205556 0.063889 0.397222 
0.032576 0.043939 0.368939 0.030303 0.500758 0.023485 
0.451197 0.241252 0.105893 0.064457 0.072744 0.064457 
0.326609 0.369837 0.113353 0.058598 0.084534 0.047070 
0.133333 0.110692 0.065409 0.133333 0.046541 0.510692 
0.211022 0.061828 0.057796 0.243280 0.061828 0.364247 
0.069069 0.163664 0.060060 0.370871 0.078078 0.258258 
0.259608 0.252549 0.252549 0.080784 0.120784 0.033725 
0.411556 0.043556 0.080889 0.038222 0.368889 0.056889 
0.025142 0.042174 0.592052 0.078670 0.222222 0.039740 
0.129392 0.054841 0.479006 0.021422 0.293916 0.021422 
0.425571 0.148858 0.094064 0.121461 0.148858 0.061187 
0.238472 0.040843 0.076416 0.123847 0.052701 0.467721 
0.102657 0.124396 0.193237 0.356280 0.128019 0.095411 
0.100324 0.083333 0.328479 0.039644 0.413430 0.034790 
0.100509 0.104326 0.092875 0.279898 0.050891 0.371501 
0.420962 0.062715 0.134880 0.049828 0.289519 0.042096 
0.203018 0.079561 0.042524 0.326475 0.063100 0.285322 
0.589491 0.146141 0.148604 0.025452 0.064860 0.025452 
0.082212 0.292975 0.082212 0.176383 0.064275 0.301943 
0.062848 0.053302 0.053302 0.027049 0.778839 0.024662 
0.189716 0.434397 0.144504 0.085993 0.072695 0.072695 
0.130511 0.485009 0.162257 0.059083 0.061728 0.101411 
0.466132 0.118538 0.134581 0.070410 0.142602 0.067736 
0.089491 0.055008 0.444171 0.022989 0.343186 0.045156 
0.152033 0.473984 0.103252 0.086179 0.110569 0.073984 
0.046032 0.041270 0.584127 0.036508 0.262698 0.029365 
0.044974 0.271164 0.048942 0.275132 0.041005 0.318783 
0.034826 0.038557 0.049751 0.090796 0.284826 0.501244 
0.099738 0.221785 0.052493 0.229659 0.044619 0.351706 
0.065062 0.661319 0.038324 0.073084 0.062389 0.099822 
0.149504 0.149504 0.421815 0.032799 0.204424 0.041953 
0.279300 0.062405 0.194825 0.030441 0.411720 0.021309 
0.415833 0.280833 0.145833 0.033333 0.100833 0.023333 
0.091787 0.062802 0.055556 0.443237 0.084541 0.262077 
0.058748 0.058748 0.108557 0.146871 0.146871 0.480204 
0.111111 0.107323 0.065657 0.380051 0.046717 0.289141 
0.049333 0.249333 0.049333 0.221333 0.033333 0.397333 
0.186667 0.029020 0.080784 0.021961 0.654902 0.026667 
0.223417 0.044205 0.047790 0.273596 0.051374 0.359618 
0.045590 0.047833 0.059043 0.068012 0.738416 0.041106 
0.061286 0.038864 0.330344 0.034380 0.514200 0.020927 
0.034330 0.044297 0.034330 0.130676 0.293466 0.462901 
0.065333 0.161333 0.065333 0.389333 0.057333 0.261333 
0.052696 0.074755 0.096814 0.302696 0.148284 0.324755 
0.230280 0.062341 0.035623 0.215013 0.050891 0.405852 
0.288251 0.062842 0.042350 0.280055 0.042350 0.284153 
0.067069 0.040912 0.312542 0.018779 0.543930 0.016767 
0.553872 0.063973 0.132155 0.076599 0.134680 0.038721 
0.149275 0.097101 0.105797 0.275362 0.092754 0.279710 
0.084226 0.384011 0.375446 0.030692 0.099215 0.026410 
0.456319 0.100085 0.112807 0.051739 0.196777 0.082273 
0.456095 0.087809 0.095482 0.077579 0.184996 0.098039 
