0.353414 0.148594 0.160643 0.100402 0.136546 0.100402 
0.187739 0.095785 0.153257 0.107280 0.141762 0.314176 
0.208835 0.148594 0.100402 0.148594 0.196787 0.196787 
0.185606 0.219697 0.094697 0.106061 0.265152 0.128788 
0.233716 0.187739 0.141762 0.118774 0.107280 0.210728 
0.137821 0.455128 0.080128 0.080128 0.128205 0.118590 
0.124542 0.091575 0.135531 0.113553 0.432234 0.102564 
0.191419 0.191419 0.092409 0.082508 0.240924 0.201320 
0.358423 0.100358 0.121864 0.100358 0.111111 0.207885 
0.228228 0.201201 0.075075 0.075075 0.309309 0.111111 
0.422969 0.137255 0.095238 0.070028 0.137255 0.137255 
0.161716 0.270627 0.102310 0.092409 0.260726 0.112211 
0.156695 0.156695 0.088319 0.079772 0.447293 0.071225 
0.225589 0.114478 0.104377 0.084175 0.124579 0.346801 
0.192837 0.085399 0.143251 0.093664 0.085399 0.399449 
0.143302 0.386293 0.115265 0.115265 0.115265 0.124611 
0.103641 0.128852 0.095238 0.078431 0.507003 0.086835 
0.166667 0.468391 0.080460 0.071839 0.123563 0.089080 
0.120120 0.390390 0.093093 0.075075 0.147147 0.174174 
0.211594 0.228986 0.072464 0.072464 0.281159 0.133333 
0.243827 0.364198 0.086420 0.077160 0.123457 0.104938 
0.127976 0.386905 0.119048 0.083333 0.181548 0.101190 
0.190883 0.122507 0.088319 0.079772 0.139601 0.378917 
0.097701 0.468391 0.080460 0.071839 0.166667 0.114943 
0.163399 0.163399 0.163399 0.183007 0.163399 0.163399 
0.163399 0.163399 0.183007 0.163399 0.163399 0.163399 
0.254902 0.187675 0.120448 0.095238 0.162465 0.179272 
0.127778 0.077778 0.127778 0.069444 0.119444 0.477778 
0.144444 0.102778 0.094444 0.086111 0.111111 0.461111 
0.221289 0.347339 0.078431 0.095238 0.103641 0.154062 
0.325069 0.143251 0.085399 0.077135 0.201102 0.168044 
0.225071 0.173789 0.216524 0.071225 0.113960 0.199430 
0.304598 0.209770 0.089080 0.071839 0.140805 0.183908 
0.115942 0.463768 0.107246 0.124638 0.098551 0.089855 
0.117048 0.384224 0.063613 0.063613 0.292621 0.078880 
0.130326 0.220551 0.077694 0.062657 0.416040 0.092732 
0.240437 0.183060 0.166667 0.076503 0.125683 0.207650 
0.132791 0.368564 0.108401 0.100271 0.189702 0.100271 
0.196347 0.223744 0.141553 0.168950 0.114155 0.155251 
0.089947 0.399471 0.066138 0.082011 0.121693 0.240741 
0.092896 0.420765 0.068306 0.101093 0.133880 0.183060 
0.156695 0.122507 0.113960 0.105413 0.404558 0.096866 
0.199513 0.403893 0.075426 0.060827 0.133820 0.126521 
0.525641 0.071795 0.087179 0.071795 0.164103 0.079487 
0.179487 0.087179 0.102564 0.079487 0.471795 0.079487 
0.328165 0.188630 0.080103 0.064599 0.180879 0.157623 
0.210256 0.102564 0.110256 0.079487 0.425641 0.071795 
0.328283 0.131313 0.085859 0.063131 0.131313 0.260101 
0.211443 0.114428 0.144279 0.077114 0.151741 0.300995 
0.147343 0.415459 0.074879 0.074879 0.212560 0.074879 
0.140351 0.094298 0.120614 0.054825 0.232456 0.357456 
0.266667 0.266667 0.066667 0.059524 0.080952 0.259524 
0.372703 0.254593 0.073491 0.073491 0.104987 0.120735 
0.317585 0.317585 0.073491 0.081365 0.081365 0.128609 
0.111111 0.241546 0.082126 0.096618 0.364734 0.103865 
0.119221 0.141119 0.250608 0.068127 0.199513 0.221411 
0.215686 0.355392 0.083333 0.068627 0.142157 0.134804 
0.552972 0.087855 0.103359 0.072351 0.087855 0.095607 
0.213450 0.187135 0.178363 0.099415 0.160819 0.160819 
0.147343 0.408213 0.082126 0.082126 0.089372 0.190821 
0.097113 0.459318 0.065617 0.081365 0.175853 0.120735 
0.342222 0.082222 0.062222 0.062222 0.175556 0.275556 
0.226107 0.086247 0.065268 0.072261 0.093240 0.456876 
0.226667 0.218667 0.122667 0.114667 0.178667 0.138667 
0.209524 0.116667 0.102381 0.080952 0.188095 0.302381 
0.082126 0.198068 0.111111 0.132850 0.248792 0.227053 
0.183445 0.082774 0.096197 0.055928 0.076063 0.505593 
0.355392 0.171569 0.127451 0.068627 0.112745 0.164216 
0.108747 0.406619 0.066194 0.066194 0.229314 0.122931 
0.124717 0.424036 0.083900 0.063492 0.206349 0.097506 
0.091880 0.072650 0.085470 0.053419 0.111111 0.585470 
0.274510 0.377451 0.068627 0.061275 0.142157 0.075980 
0.188506 0.257471 0.105747 0.085057 0.243678 0.119540 
0.306843 0.068433 0.101545 0.101545 0.088300 0.333333 
0.320088 0.075055 0.094923 0.101545 0.174393 0.233996 
0.144033 0.181070 0.076132 0.057613 0.063786 0.477366 
0.152882 0.145363 0.122807 0.137845 0.363409 0.077694 
0.114790 0.419426 0.101545 0.061810 0.240618 0.061810 
0.148418 0.236010 0.075426 0.119221 0.338200 0.082725 
0.128889 0.402222 0.075556 0.062222 0.108889 0.222222 
0.271930 0.094298 0.067982 0.067982 0.429825 0.067982 
0.091503 0.130719 0.248366 0.287582 0.150327 0.091503 
0.114790 0.379691 0.128035 0.061810 0.161148 0.154525 
0.092040 0.487562 0.077114 0.069652 0.099502 0.174129 
0.123656 0.470430 0.067204 0.131720 0.099462 0.107527 
0.139785 0.099462 0.123656 0.123656 0.422043 0.091398 
0.208038 0.080378 0.059102 0.059102 0.073286 0.520095 
0.115839 0.378251 0.087470 0.080378 0.158392 0.179669 
0.151139 0.461698 0.101449 0.070393 0.126294 0.089027 
0.126437 0.333333 0.064368 0.071264 0.250575 0.154023 
0.231481 0.384259 0.078704 0.057870 0.134259 0.113426 
0.235529 0.169661 0.067864 0.073852 0.361277 0.091816 
0.221580 0.360308 0.065511 0.059730 0.157996 0.134875 
0.532009 0.094923 0.088300 0.061810 0.121413 0.101545 
0.085057 0.450575 0.112644 0.105747 0.071264 0.174713 
0.145969 0.348584 0.054466 0.061002 0.191721 0.198257 
0.114219 0.526807 0.100233 0.058275 0.086247 0.114219 
0.130631 0.495495 0.083333 0.076577 0.117117 0.096847 
0.114219 0.554779 0.072261 0.058275 0.079254 0.121212 
0.104701 0.470085 0.104701 0.059829 0.111111 0.149573 
0.120833 0.470833 0.077083 0.052083 0.227083 0.052083 
0.102222 0.062222 0.075556 0.162222 0.515556 0.082222 
0.256262 0.105973 0.082852 0.048170 0.065511 0.441233 
0.182254 0.340528 0.211031 0.074341 0.088729 0.103118 
0.128205 0.421911 0.093240 0.086247 0.149184 0.121212 
0.143137 0.113725 0.119608 0.060784 0.243137 0.319608 
0.133333 0.091954 0.098851 0.071264 0.547126 0.057471 
0.137860 0.273663 0.082305 0.076132 0.360082 0.069959 
0.164583 0.445833 0.052083 0.052083 0.108333 0.177083 
0.098925 0.589247 0.066667 0.053763 0.098925 0.092473 
0.392720 0.082375 0.070881 0.076628 0.266284 0.111111 
0.248858 0.139269 0.166667 0.118721 0.207763 0.118721 
0.237548 0.432950 0.053640 0.047893 0.145594 0.082375 
0.297539 0.310962 0.055928 0.055928 0.190157 0.089485 
0.110032 0.226537 0.148867 0.294498 0.129450 0.090615 
0.140741 0.129630 0.090741 0.046296 0.079630 0.512963 
0.146586 0.236948 0.086345 0.062249 0.086345 0.381526 
0.676529 0.078895 0.055227 0.049310 0.084813 0.055227 
0.248971 0.193416 0.076132 0.063786 0.267490 0.150206 
0.116331 0.136465 0.143177 0.082774 0.102908 0.418345 
0.121413 0.479029 0.055188 0.081678 0.141280 0.121413 
0.188406 0.306418 0.076605 0.057971 0.275362 0.095238 
0.107212 0.487329 0.054581 0.054581 0.212476 0.083821 
0.131183 0.389247 0.092473 0.111828 0.176344 0.098925 
0.211240 0.432171 0.071705 0.048450 0.094961 0.141473 
0.067029 0.469203 0.067029 0.050725 0.126812 0.219203 
0.521905 0.144762 0.059048 0.047619 0.127619 0.099048 
0.075665 0.051125 0.051125 0.051125 0.701431 0.069530 
0.320298 0.191806 0.057728 0.046555 0.102421 0.281192 
0.200803 0.429719 0.086345 0.056225 0.080321 0.146586 
0.117886 0.313008 0.063008 0.075203 0.306911 0.123984 
0.089669 0.083821 0.060429 0.066277 0.060429 0.639376 
0.309237 0.092369 0.098394 0.062249 0.104418 0.333333 
0.083821 0.493177 0.083821 0.054581 0.194932 0.089669 
0.112403 0.484496 0.077519 0.048450 0.100775 0.176357 
0.188889 0.208889 0.068889 0.068889 0.368889 0.095556 
0.251938 0.141473 0.071705 0.048450 0.094961 0.391473 
0.154167 0.166667 0.166667 0.116667 0.179167 0.216667 
0.231373 0.149020 0.060784 0.049020 0.072549 0.437255 
0.136452 0.118908 0.077973 0.077973 0.475634 0.113060 
0.106996 0.483539 0.113169 0.051440 0.113169 0.131687 
0.091880 0.553419 0.085470 0.072650 0.111111 0.085470 
0.202083 0.095833 0.095833 0.102083 0.339583 0.164583 
0.087619 0.264762 0.076190 0.076190 0.304762 0.190476 
0.193437 0.193437 0.063903 0.053541 0.369603 0.126079 
0.261510 0.134438 0.101289 0.051565 0.084715 0.366483 
0.309028 0.111111 0.053819 0.043403 0.105903 0.376736 
0.114398 0.303748 0.096647 0.061144 0.143984 0.280079 
0.085386 0.243021 0.065681 0.050903 0.119869 0.435140 
0.162551 0.477366 0.063786 0.069959 0.106996 0.119342 
0.546166 0.147105 0.071987 0.043818 0.095462 0.095462 
0.107212 0.393762 0.113060 0.054581 0.247563 0.083821 
0.230496 0.267730 0.049645 0.049645 0.241135 0.161348 
0.080524 0.428839 0.069288 0.069288 0.254682 0.097378 
0.154827 0.520947 0.061931 0.067395 0.116576 0.078324 
0.262480 0.165862 0.045089 0.049919 0.098229 0.378422 
0.472949 0.153578 0.069808 0.059337 0.132635 0.111693 
0.087398 0.063008 0.123984 0.081301 0.581301 0.063008 
0.088123 0.570881 0.070881 0.059387 0.076628 0.134100 
0.160494 0.229277 0.081129 0.075838 0.266314 0.186949 
0.157088 0.358238 0.099617 0.093870 0.122605 0.168582 
0.150709 0.102837 0.097518 0.054965 0.113475 0.480496 
0.179325 0.356540 0.109705 0.097046 0.185654 0.071730 
0.150183 0.347985 0.095238 0.051282 0.056777 0.298535 
0.215356 0.102996 0.097378 0.046816 0.462547 0.074906 
0.466667 0.120721 0.088288 0.055856 0.104505 0.163964 
0.132635 0.085515 0.122164 0.054101 0.116928 0.488656 
0.244838 0.112094 0.094395 0.036873 0.112094 0.399705 
0.078755 0.095238 0.100733 0.062271 0.584249 0.078755 
0.247723 0.160291 0.094718 0.061931 0.083789 0.351548 
0.226592 0.153558 0.058052 0.097378 0.378277 0.086142 
0.124777 0.408200 0.135472 0.049911 0.151515 0.130125 
0.134039 0.525573 0.075838 0.049383 0.144621 0.070547 
0.173570 0.481262 0.067061 0.078895 0.126233 0.072978 
0.153153 0.509910 0.050450 0.061261 0.131532 0.093694 
0.110507 0.409420 0.115942 0.072464 0.192029 0.099638 
0.089669 0.499025 0.107212 0.066277 0.118908 0.118908 
0.052453 0.047377 0.042301 0.042301 0.052453 0.763113 
0.119850 0.468165 0.052434 0.052434 0.232210 0.074906 
0.144444 0.136111 0.194444 0.311111 0.077778 0.136111 
0.257364 0.234109 0.057364 0.048062 0.052713 0.350388 
0.241497 0.414966 0.052721 0.047619 0.093537 0.149660 
0.064394 0.626894 0.058712 0.053030 0.109848 0.087121 
0.271722 0.044234 0.067930 0.053712 0.048973 0.513428 
0.239057 0.062290 0.077441 0.052189 0.062290 0.506734 
0.597643 0.107744 0.042088 0.047138 0.127946 0.077441 
0.317789 0.069085 0.074266 0.048359 0.421416 0.069085 
0.079190 0.515654 0.057090 0.046041 0.134438 0.167587 
0.050903 0.129721 0.045977 0.055829 0.050903 0.666667 
0.157454 0.137353 0.061977 0.041876 0.097152 0.504188 
0.219203 0.159420 0.077899 0.067029 0.300725 0.175725 
0.130363 0.407591 0.046205 0.051155 0.075908 0.288779 
0.179868 0.130363 0.080858 0.046205 0.056106 0.506601 
0.250407 0.411382 0.045528 0.040650 0.133333 0.118699 
0.180763 0.514096 0.051410 0.041459 0.076285 0.135987 
0.135739 0.135739 0.058419 0.068729 0.542955 0.058419 
0.137871 0.436300 0.064572 0.048866 0.174520 0.137871 
0.065449 0.120244 0.074581 0.056317 0.074581 0.608828 
0.105346 0.072327 0.053459 0.048742 0.053459 0.666667 
0.095238 0.419414 0.095238 0.089744 0.188645 0.111722 
0.235489 0.111111 0.086235 0.091211 0.255390 0.220564 
0.103060 0.533011 0.103060 0.054750 0.136876 0.069243 
0.113367 0.407783 0.098139 0.103215 0.209814 0.067682 
0.099145 0.550427 0.063248 0.058120 0.083761 0.145299 
0.244548 0.253894 0.048287 0.052960 0.085670 0.314642 
0.105090 0.307061 0.105090 0.050903 0.292282 0.139573 
0.069919 0.143089 0.118699 0.055285 0.065041 0.547967 
0.049491 0.049491 0.045124 0.040757 0.053857 0.761281 
0.523810 0.135417 0.050595 0.050595 0.175595 0.063988 
0.339967 0.066335 0.071310 0.051410 0.081260 0.389718 
0.119608 0.196078 0.113725 0.072549 0.313725 0.184314 
0.121795 0.568910 0.054487 0.040064 0.131410 0.083333 
0.086478 0.515723 0.058176 0.039308 0.133648 0.166667 
0.225694 0.100694 0.059028 0.053819 0.444444 0.116319 
0.257100 0.144993 0.046338 0.041854 0.118087 0.391629 
0.191358 0.510802 0.047840 0.038580 0.057099 0.154321 
0.431065 0.137871 0.127400 0.080279 0.106457 0.116928 
0.148693 0.472222 0.045752 0.040850 0.104575 0.187908 
0.222222 0.478632 0.052991 0.042735 0.119658 0.083761 
0.323129 0.282313 0.052721 0.057823 0.226190 0.057823 
0.082492 0.329966 0.092593 0.062290 0.304714 0.127946 
0.074074 0.595813 0.054750 0.040258 0.074074 0.161031 
0.410122 0.164049 0.095986 0.101222 0.143106 0.085515 
0.113095 0.438988 0.077381 0.081845 0.095238 0.193452 
0.099187 0.411382 0.099187 0.055285 0.182114 0.152846 
0.422323 0.141780 0.042232 0.046757 0.259427 0.087481 
0.134752 0.517730 0.081560 0.060284 0.113475 0.092199 
0.268254 0.225397 0.087302 0.049206 0.139683 0.230159 
0.243156 0.112721 0.088567 0.059581 0.310789 0.185185 
0.111111 0.572298 0.051750 0.051750 0.079148 0.133942 
0.280449 0.078526 0.092949 0.073718 0.088141 0.386218 
0.092692 0.135472 0.092692 0.092692 0.499109 0.087344 
0.210826 0.082621 0.044160 0.056980 0.467236 0.138177 
0.418440 0.112057 0.039716 0.039716 0.260993 0.129078 
0.207516 0.437908 0.055556 0.060458 0.153595 0.084967 
0.169369 0.147748 0.082883 0.142342 0.293694 0.163964 
0.255390 0.260365 0.071310 0.061360 0.170813 0.180763 
0.086072 0.142410 0.147105 0.053208 0.503912 0.067293 
0.138889 0.300654 0.129085 0.084967 0.227124 0.119281 
0.103741 0.297619 0.068027 0.078231 0.343537 0.108844 
0.451237 0.202329 0.049491 0.049491 0.149927 0.097525 
0.231884 0.071014 0.097101 0.153623 0.088406 0.357971 
0.057796 0.077957 0.065860 0.065860 0.081989 0.650538 
0.103395 0.487654 0.098765 0.061728 0.103395 0.145062 
0.068910 0.530449 0.102564 0.073718 0.068910 0.155449 
0.372457 0.222222 0.048513 0.039124 0.147105 0.170579 
0.098639 0.537415 0.057823 0.047619 0.149660 0.108844 
0.160256 0.097756 0.112179 0.097756 0.424679 0.107372 
0.225877 0.067982 0.219298 0.304825 0.114035 0.067982 
0.078788 0.337879 0.069697 0.046970 0.419697 0.046970 
0.120635 0.211111 0.073016 0.053968 0.468254 0.073016 
0.121352 0.508449 0.084485 0.070661 0.098310 0.116743 
0.220065 0.084142 0.137540 0.103560 0.220065 0.234628 
0.230159 0.358730 0.073016 0.049206 0.182540 0.106349 
0.092949 0.126603 0.107372 0.044872 0.453526 0.174679 
0.103060 0.465378 0.059581 0.064412 0.122383 0.185185 
0.149888 0.076063 0.250559 0.277405 0.089485 0.156600 
0.201515 0.401515 0.060606 0.056061 0.142424 0.137879 
0.109195 0.574713 0.048851 0.040230 0.091954 0.135057 
0.495119 0.135286 0.051604 0.043236 0.101813 0.172943 
0.133903 0.394587 0.065527 0.044160 0.206553 0.155271 
0.116987 0.179487 0.083333 0.078526 0.064103 0.477564 
0.448830 0.084795 0.062865 0.067251 0.229532 0.106725 
0.086525 0.316312 0.133333 0.082270 0.150355 0.231206 
0.188474 0.113707 0.132399 0.062305 0.352025 0.151090 
0.149275 0.553623 0.053623 0.057971 0.084058 0.101449 
0.271318 0.229457 0.052713 0.052713 0.192248 0.201550 
0.251515 0.115152 0.151515 0.046970 0.178788 0.256061 
0.104885 0.557471 0.044540 0.035920 0.087644 0.169540 
0.071651 0.366044 0.043614 0.052960 0.291277 0.174455 
0.104361 0.623053 0.043614 0.043614 0.066978 0.118380 
0.088685 0.414373 0.111621 0.051988 0.097859 0.235474 
0.223485 0.172348 0.121212 0.212121 0.206439 0.064394 
0.304281 0.102446 0.061162 0.056575 0.409786 0.065749 
0.281346 0.097859 0.070336 0.047401 0.423547 0.079511 
0.055556 0.536176 0.040052 0.040052 0.067183 0.260982 
0.164274 0.470494 0.082935 0.073365 0.121212 0.087719 
0.481146 0.046757 0.060332 0.046757 0.101056 0.263952 
0.165945 0.174603 0.044733 0.062049 0.382395 0.170274 
0.231563 0.368732 0.076696 0.081121 0.129794 0.112094 
0.120635 0.225397 0.111111 0.096825 0.377778 0.068254 
0.085795 0.440225 0.043601 0.043601 0.191280 0.195499 
0.413902 0.077409 0.039494 0.072670 0.338073 0.058452 
0.093567 0.273392 0.045322 0.054094 0.062865 0.470760 
0.238760 0.071318 0.043411 0.043411 0.503876 0.099225 
0.353968 0.058730 0.096825 0.049206 0.358730 0.082540 
0.125926 0.423704 0.072593 0.054815 0.179259 0.143704 
0.132460 0.503639 0.040757 0.058224 0.167394 0.097525 
0.121212 0.106858 0.140351 0.121212 0.293461 0.216906 
0.268362 0.149718 0.043785 0.039548 0.442090 0.056497 
0.512593 0.077037 0.059259 0.041481 0.068148 0.241481 
0.110106 0.580694 0.055807 0.051282 0.119155 0.082956 
0.125344 0.303030 0.046832 0.042700 0.389807 0.092287 
0.125894 0.452074 0.065808 0.065808 0.233190 0.057225 
0.171761 0.328967 0.062591 0.036390 0.311499 0.088792 
0.152846 0.367480 0.079675 0.050407 0.069919 0.279675 
0.230971 0.136483 0.183727 0.246719 0.128609 0.073491 
0.088889 0.062222 0.175556 0.302222 0.268889 0.102222 
0.601333 0.061333 0.053333 0.037333 0.165333 0.081333 
0.268362 0.433616 0.039548 0.039548 0.115819 0.103107 
0.088889 0.497222 0.051389 0.051389 0.143056 0.168056 
0.101106 0.323855 0.096367 0.058452 0.333333 0.086888 
0.077044 0.553459 0.053459 0.044025 0.053459 0.218553 
0.084425 0.573508 0.075691 0.040757 0.053857 0.171761 
0.095960 0.107323 0.035354 0.031566 0.050505 0.679293 
0.119360 0.237263 0.080058 0.075691 0.202329 0.285298 
0.437879 0.051515 0.056061 0.060606 0.306061 0.087879 
0.578027 0.083645 0.053683 0.046192 0.098627 0.139825 
0.093708 0.507363 0.049531 0.033467 0.178046 0.137885 
0.112094 0.054572 0.058997 0.054572 0.063422 0.656342 
0.102339 0.571637 0.049708 0.045322 0.111111 0.119883 
0.497050 0.076696 0.050147 0.036873 0.076696 0.262537 
0.269476 0.242656 0.058748 0.039591 0.070243 0.319285 
0.077356 0.604782 0.064698 0.043601 0.077356 0.132208 
0.154534 0.234994 0.043423 0.047254 0.054917 0.464879 
0.047184 0.097412 0.106545 0.065449 0.622527 0.060883 
0.080620 0.564341 0.066667 0.052713 0.192248 0.043411 
0.594633 0.183616 0.043785 0.035311 0.052260 0.090395 
0.178105 0.511438 0.070261 0.084967 0.060458 0.094771 
0.186837 0.091295 0.269639 0.212314 0.110403 0.129512 
0.105997 0.557880 0.076709 0.080893 0.093445 0.085077 
0.048662 0.055961 0.030414 0.041363 0.037713 0.785888 
0.390649 0.150830 0.037707 0.042232 0.177979 0.200603 
0.084022 0.488981 0.108815 0.046832 0.129477 0.141873 
0.532300 0.040052 0.055556 0.063307 0.175711 0.133075 
0.093056 0.455556 0.068056 0.043056 0.138889 0.201389 
0.153646 0.481771 0.040365 0.044271 0.204427 0.075521 
0.487484 0.044796 0.155468 0.048748 0.080369 0.183136 
0.199693 0.121352 0.107527 0.070661 0.158218 0.342550 
0.122126 0.346264 0.070402 0.044540 0.195402 0.221264 
0.181688 0.319027 0.048641 0.057225 0.233190 0.160229 
0.270092 0.447958 0.052701 0.032938 0.111989 0.084321 
0.124396 0.200483 0.037440 0.037440 0.055556 0.544686 
0.192112 0.535623 0.039440 0.039440 0.111959 0.081425 
0.101813 0.407252 0.059972 0.047420 0.323570 0.059972 
0.114710 0.236167 0.147099 0.062078 0.300945 0.139001 
0.066667 0.299320 0.074830 0.042177 0.095238 0.421769 
0.444005 0.088274 0.052701 0.044796 0.222661 0.147563 
0.199746 0.153944 0.131043 0.043257 0.111959 0.360051 
0.030637 0.041667 0.034314 0.041667 0.049020 0.802696 
0.110145 0.518841 0.071014 0.057971 0.153623 0.088406 
0.108466 0.064815 0.048942 0.041005 0.056878 0.679894 
0.096946 0.057105 0.049137 0.081009 0.650730 0.065073 
0.180990 0.579427 0.036458 0.036458 0.110677 0.055990 
0.114114 0.217718 0.082583 0.087087 0.069069 0.429429 
0.313390 0.138177 0.108262 0.061254 0.155271 0.223647 
0.178295 0.378295 0.155039 0.066667 0.108527 0.113178 
0.139089 0.067146 0.354916 0.218225 0.131894 0.088729 
0.165266 0.404762 0.060224 0.085434 0.198880 0.085434 
0.117816 0.372126 0.100575 0.087644 0.113506 0.208333 
0.606690 0.101499 0.042676 0.035755 0.084198 0.129181 
0.050648 0.064782 0.050648 0.040047 0.036514 0.757362 
0.136591 0.414787 0.042607 0.038847 0.072682 0.294486 
0.227160 0.449383 0.034568 0.038272 0.060494 0.190123 
0.126856 0.442645 0.082321 0.041835 0.199730 0.106613 
0.121655 0.461071 0.045012 0.034063 0.066910 0.271290 
0.259722 0.097222 0.055556 0.076389 0.363889 0.147222 
0.059896 0.591146 0.044271 0.040365 0.141927 0.122396 
0.126856 0.527665 0.066127 0.037787 0.139001 0.102564 
0.110442 0.224900 0.206827 0.315261 0.086345 0.056225 
0.193989 0.140710 0.054645 0.046448 0.054645 0.509563 
0.095238 0.211310 0.077381 0.050595 0.394345 0.171131 
0.132420 0.063927 0.187215 0.358447 0.187215 0.070776 
0.105364 0.070881 0.249042 0.369732 0.111111 0.093870 
0.190476 0.469048 0.040476 0.036905 0.083333 0.179762 
0.026709 0.039530 0.055556 0.029915 0.026709 0.821581 
0.415758 0.223030 0.041212 0.030303 0.052121 0.237576 
0.436100 0.056653 0.080369 0.060606 0.305665 0.060606 
0.307791 0.288633 0.112388 0.062580 0.131545 0.097063 
0.165525 0.182648 0.035388 0.028539 0.073059 0.514840 
0.105128 0.443590 0.051282 0.043590 0.066667 0.289744 
0.635916 0.078721 0.034440 0.030750 0.159902 0.060271 
0.128307 0.215608 0.084656 0.060847 0.394180 0.116402 
0.094086 0.505376 0.057796 0.049731 0.206989 0.086022 
0.218684 0.059448 0.186837 0.365180 0.097665 0.072187 
0.060271 0.174662 0.038130 0.052891 0.041820 0.632226 
0.097531 0.401235 0.053086 0.060494 0.230864 0.156790 
0.182033 0.501182 0.029551 0.047281 0.096927 0.143026 
0.195677 0.496018 0.035267 0.031854 0.059158 0.182025 
0.330864 0.160494 0.034568 0.041975 0.060494 0.371605 
0.064559 0.530962 0.064559 0.084321 0.151515 0.104084 
0.532595 0.082411 0.045510 0.049200 0.060271 0.230012 
0.389277 0.256410 0.039627 0.036131 0.151515 0.127040 
0.199759 0.315283 0.037304 0.030084 0.062575 0.354994 
0.268362 0.255650 0.048023 0.035311 0.234463 0.158192 
0.119474 0.262843 0.054958 0.051374 0.065711 0.445639 
0.086741 0.499380 0.045849 0.045849 0.105328 0.216853 
0.269608 0.144608 0.037990 0.041667 0.093137 0.412990 
0.174489 0.369434 0.037304 0.044525 0.120337 0.253911 
0.153040 0.064990 0.222222 0.360587 0.071279 0.127883 
0.569717 0.122004 0.033769 0.030501 0.141612 0.102397 
0.176608 0.060819 0.095906 0.067836 0.516959 0.081871 
0.519465 0.059611 0.077859 0.096107 0.081509 0.165450 
0.100529 0.227513 0.247354 0.060847 0.140212 0.223545 
0.112710 0.508393 0.065947 0.076739 0.109113 0.127098 
0.169591 0.152047 0.050292 0.029240 0.060819 0.538012 
0.043590 0.674359 0.058974 0.043590 0.112821 0.066667 
0.061508 0.055556 0.186508 0.418651 0.228175 0.049603 
0.198986 0.100127 0.111534 0.050697 0.172370 0.366286 
0.101333 0.573333 0.101333 0.049333 0.061333 0.113333 
0.095960 0.497475 0.077020 0.039141 0.061869 0.228535 
0.147202 0.055961 0.267640 0.059611 0.358881 0.110706 
0.069288 0.136704 0.282772 0.316479 0.114232 0.080524 
0.067651 0.610086 0.063961 0.045510 0.078721 0.134071 
0.105328 0.633209 0.045849 0.038414 0.060719 0.116481 
0.341746 0.221872 0.064143 0.038906 0.108307 0.225026 
0.059896 0.665365 0.044271 0.044271 0.075521 0.110677 
0.133838 0.414141 0.050505 0.058081 0.069444 0.273990 
0.092227 0.515152 0.048748 0.040843 0.171278 0.131752 
0.153672 0.533333 0.028249 0.031638 0.058757 0.194350 
0.148148 0.578256 0.040621 0.037037 0.130227 0.065711 
0.100939 0.262911 0.171362 0.305164 0.086854 0.072770 
0.472503 0.051627 0.081930 0.028058 0.075196 0.290685 
0.151341 0.065134 0.243295 0.340996 0.151341 0.047893 
0.087065 0.646766 0.068408 0.046020 0.049751 0.101990 
0.098259 0.643035 0.046020 0.068408 0.053483 0.090796 
0.153698 0.268972 0.041306 0.038425 0.029779 0.467819 
0.161212 0.263030 0.092121 0.037576 0.237576 0.208485 
0.131379 0.111835 0.085776 0.040174 0.111835 0.519001 
0.130568 0.056836 0.296467 0.241167 0.070661 0.204301 
0.039352 0.237269 0.046296 0.028935 0.046296 0.601852 
0.734151 0.062372 0.040900 0.025562 0.065440 0.071575 
0.118203 0.589835 0.036643 0.033097 0.132388 0.089835 
0.056777 0.276557 0.238095 0.298535 0.056777 0.073260 
0.114355 0.150852 0.063260 0.074209 0.435523 0.161800 
0.397814 0.063388 0.079781 0.043716 0.220765 0.194536 
0.155975 0.197484 0.201258 0.065409 0.103145 0.276730 
0.087846 0.531889 0.058965 0.084236 0.084236 0.152828 
0.265180 0.057001 0.034696 0.030979 0.053284 0.558860 
0.120337 0.210590 0.051745 0.040915 0.535499 0.040915 
0.559770 0.045977 0.077011 0.108046 0.170115 0.039080 
0.667901 0.067901 0.041975 0.049383 0.090123 0.082716 
0.185307 0.422149 0.033991 0.033991 0.135965 0.188596 
0.449735 0.108466 0.037037 0.033069 0.088624 0.283069 
0.703841 0.057001 0.060719 0.038414 0.083024 0.057001 
0.121099 0.521848 0.068664 0.076155 0.109863 0.102372 
0.457901 0.111880 0.042676 0.028835 0.205306 0.153403 
0.272610 0.105943 0.191214 0.055556 0.299742 0.074935 
0.196347 0.107306 0.035388 0.059361 0.285388 0.316210 
0.502987 0.037037 0.047790 0.040621 0.108722 0.262843 
0.510225 0.062372 0.065440 0.040900 0.169734 0.151329 
0.114790 0.114790 0.227373 0.280353 0.161148 0.101545 
0.156566 0.099747 0.080808 0.058081 0.084596 0.520202 
0.058126 0.139976 0.051008 0.043891 0.040332 0.666667 
0.086339 0.374863 0.030601 0.030601 0.138798 0.338798 
0.118457 0.110193 0.151515 0.126722 0.358127 0.134986 
0.240682 0.036209 0.093717 0.048988 0.093717 0.486688 
0.088050 0.627673 0.054088 0.065409 0.076730 0.088050 
0.315496 0.057971 0.051282 0.061315 0.081382 0.432553 
0.069106 0.264228 0.160569 0.313008 0.093496 0.099593 
0.112963 0.046296 0.301852 0.307407 0.179630 0.051852 
0.247653 0.215962 0.057512 0.068075 0.332160 0.078638 
0.060094 0.043192 0.034742 0.037559 0.040376 0.784038 
0.064782 0.202591 0.093051 0.047114 0.064782 0.527680 
0.073059 0.569635 0.052511 0.045662 0.073059 0.186073 
0.123001 0.517835 0.067651 0.093481 0.148831 0.049200 
0.109780 0.049900 0.325349 0.301397 0.133733 0.079840 
0.119048 0.103741 0.185374 0.420068 0.088435 0.083333 
0.078675 0.317805 0.044513 0.053830 0.047619 0.457557 
0.107778 0.057778 0.041111 0.027778 0.047778 0.717778 
0.192922 0.336758 0.031963 0.055936 0.073059 0.309361 
0.152412 0.168860 0.040570 0.043860 0.441886 0.152412 
0.082550 0.070010 0.038662 0.051202 0.048067 0.709509 
0.108501 0.561521 0.034676 0.051454 0.162192 0.081655 
0.415831 0.128205 0.037904 0.037904 0.091416 0.288740 
0.455964 0.111483 0.034560 0.027871 0.078038 0.292085 
0.249392 0.081509 0.136253 0.099757 0.399027 0.034063 
0.054852 0.241561 0.102321 0.029536 0.054852 0.516878 
0.544444 0.054444 0.067778 0.071111 0.144444 0.117778 
0.102725 0.146751 0.291405 0.259958 0.109015 0.090147 
0.107056 0.234793 0.055961 0.045012 0.482968 0.074209 
0.302118 0.235229 0.054627 0.044593 0.175028 0.188406 
0.073118 0.060215 0.324731 0.266667 0.221505 0.053763 
0.429012 0.179012 0.086420 0.077160 0.123457 0.104938 
0.135185 0.146296 0.162963 0.435185 0.068519 0.051852 
0.052688 0.043011 0.043011 0.049462 0.036559 0.775269 
0.081560 0.182624 0.177305 0.374113 0.124113 0.060284 
0.110303 0.306667 0.106667 0.081212 0.259394 0.135758 
0.326241 0.402229 0.052685 0.061803 0.055724 0.101317 
0.088768 0.099638 0.246377 0.360507 0.105072 0.099638 
0.114878 0.193974 0.227872 0.340866 0.058380 0.064030 
0.073059 0.052511 0.059361 0.052511 0.042237 0.720320 
0.096491 0.054386 0.164912 0.438596 0.054386 0.191228 
0.048110 0.058419 0.202749 0.408935 0.238832 0.042955 
0.052731 0.114878 0.171375 0.346516 0.261770 0.052731 
0.205215 0.082766 0.113379 0.072562 0.133787 0.392290 
0.257675 0.283991 0.037281 0.033991 0.060307 0.326754 
0.171024 0.285403 0.053377 0.053377 0.393246 0.043573 
0.551478 0.111111 0.056065 0.086646 0.089704 0.104995 
0.099048 0.087619 0.281905 0.201905 0.070476 0.259048 
0.128293 0.568156 0.066438 0.066438 0.059565 0.111111 
0.105364 0.076628 0.272031 0.295019 0.191571 0.059387 
0.595388 0.098532 0.032495 0.038784 0.139413 0.095388 
0.563657 0.056713 0.063657 0.067130 0.126157 0.122685 
0.451346 0.084886 0.035197 0.035197 0.209110 0.184265 
0.192758 0.512247 0.029819 0.036209 0.144835 0.084132 
0.120043 0.293676 0.026795 0.030011 0.049303 0.480171 
0.184699 0.243716 0.043716 0.027322 0.401093 0.099454 
0.126126 0.045045 0.174775 0.336937 0.099099 0.218018 
0.050117 0.595571 0.060606 0.053613 0.092075 0.148019 
0.272904 0.357700 0.091618 0.027290 0.112086 0.138402 
0.087659 0.056517 0.104960 0.053057 0.589389 0.108420 
0.110772 0.644309 0.031504 0.028455 0.077236 0.107724 
0.122004 0.138344 0.053377 0.066449 0.576253 0.043573 
0.052688 0.030108 0.046237 0.049462 0.033333 0.788172 
0.402778 0.120040 0.033730 0.027778 0.051587 0.364087 
0.066886 0.168860 0.033991 0.030702 0.040570 0.658991 
0.354776 0.041910 0.036062 0.027290 0.471735 0.068226 
0.263039 0.167800 0.154195 0.058957 0.143991 0.212018 
0.128876 0.646318 0.041667 0.035853 0.070736 0.076550 
0.143022 0.520185 0.073818 0.053057 0.132641 0.077278 
0.084541 0.414251 0.073671 0.044686 0.262077 0.120773 
0.175788 0.111111 0.210614 0.150912 0.131012 0.220564 
0.512093 0.111462 0.054679 0.070452 0.101998 0.149317 
0.093228 0.095866 0.035180 0.024626 0.082674 0.668426 
0.062358 0.657596 0.038549 0.062358 0.072562 0.106576 
0.094017 0.211966 0.206838 0.340171 0.058120 0.088889 
0.336830 0.092075 0.074592 0.057110 0.361305 0.078089 
0.135965 0.208333 0.139254 0.076754 0.260965 0.178728 
0.094319 0.573419 0.049303 0.052519 0.126474 0.103966 
0.049919 0.064412 0.219002 0.325282 0.243156 0.098229 
0.073260 0.260073 0.320513 0.205128 0.062271 0.078755 
0.247144 0.225337 0.060228 0.035306 0.374870 0.057113 
0.205721 0.545655 0.044004 0.037404 0.060506 0.106711 
0.111111 0.527778 0.034444 0.041111 0.134444 0.151111 
0.271795 0.317949 0.053333 0.059487 0.111795 0.185641 
0.545351 0.099773 0.052154 0.041950 0.184807 0.075964 
0.246009 0.071362 0.031925 0.031925 0.051643 0.567136 
0.075556 0.308889 0.128889 0.295556 0.102222 0.088889 
0.067766 0.216117 0.216117 0.336996 0.106227 0.056777 
0.071318 0.094574 0.401550 0.248062 0.127132 0.057364 
0.104794 0.439242 0.047938 0.061315 0.278707 0.068004 
0.580169 0.058017 0.067511 0.067511 0.092827 0.133966 
0.204962 0.353830 0.120820 0.043150 0.124056 0.153182 
0.101825 0.467819 0.035543 0.032661 0.170989 0.191162 
0.074444 0.424444 0.037778 0.041111 0.327778 0.094444 
0.286286 0.373373 0.049049 0.034034 0.142142 0.115115 
0.129857 0.304703 0.053170 0.053170 0.071575 0.387526 
0.525926 0.078704 0.048148 0.034259 0.200926 0.112037 
0.118699 0.055285 0.230894 0.299187 0.245528 0.050407 
0.134647 0.060755 0.183908 0.400657 0.154351 0.065681 
0.064143 0.338591 0.073607 0.083070 0.360673 0.079916 
0.254783 0.212487 0.136959 0.034240 0.103726 0.257805 
0.157254 0.227021 0.064230 0.054264 0.133998 0.363234 
0.094574 0.066667 0.229457 0.378295 0.145736 0.085271 
0.138211 0.345528 0.104675 0.058943 0.263211 0.089431 
0.072276 0.622438 0.046386 0.049622 0.065804 0.143474 
0.080247 0.214506 0.219136 0.362654 0.066358 0.057099 
0.120567 0.060993 0.154610 0.439716 0.158865 0.065248 
0.084830 0.078842 0.036926 0.024950 0.030938 0.743513 
0.075889 0.073007 0.070125 0.047070 0.606148 0.127762 
0.157292 0.257292 0.069792 0.035417 0.101042 0.379167 
0.155136 0.142558 0.139413 0.051363 0.240042 0.271488 
0.582397 0.082397 0.040262 0.031835 0.073970 0.189139 
0.162602 0.308943 0.065041 0.037602 0.369919 0.055894 
0.056365 0.059281 0.038873 0.033042 0.062196 0.750243 
0.143892 0.556936 0.041408 0.044513 0.087992 0.125259 
0.133333 0.570256 0.050256 0.034872 0.093333 0.117949 
0.100554 0.124307 0.055424 0.026920 0.060174 0.632621 
0.062372 0.639059 0.068507 0.047035 0.071575 0.111452 
0.059305 0.648262 0.050102 0.059305 0.077710 0.105317 
0.462525 0.193294 0.042406 0.039448 0.089744 0.172584 
0.057364 0.192248 0.387597 0.224806 0.071318 0.066667 
0.118280 0.050831 0.030303 0.030303 0.071359 0.698925 
0.079710 0.097101 0.388406 0.292754 0.071014 0.071014 
0.105611 0.155116 0.288779 0.288779 0.105611 0.056106 
0.089971 0.054572 0.147493 0.435103 0.196165 0.076696 
0.208462 0.316821 0.097007 0.066047 0.069143 0.242518 
0.132997 0.102694 0.183502 0.420875 0.107744 0.052189 
0.082492 0.198653 0.213805 0.335017 0.092593 0.077441 
0.091592 0.159159 0.240240 0.312312 0.060060 0.136637 
0.120462 0.070957 0.407591 0.199670 0.120462 0.080858 
0.222222 0.099673 0.202614 0.349673 0.060458 0.065359 
0.185185 0.082621 0.103989 0.480057 0.065527 0.082621 
0.112654 0.089506 0.126543 0.469136 0.131173 0.070988 
0.219820 0.036036 0.046847 0.025225 0.033333 0.638739 
0.103314 0.448343 0.100390 0.062378 0.129630 0.155945 
0.094697 0.219697 0.035038 0.040720 0.106061 0.503788 
0.090535 0.547325 0.062757 0.050412 0.121399 0.127572 
0.075454 0.132760 0.055396 0.038204 0.571156 0.127030 
0.251016 0.159553 0.077236 0.031504 0.202236 0.278455 
0.680665 0.058618 0.024497 0.037620 0.126859 0.071741 
0.146318 0.384690 0.041667 0.047481 0.271318 0.108527 
0.260684 0.097222 0.132479 0.097222 0.321581 0.090812 
0.048641 0.087268 0.224607 0.357654 0.246066 0.035765 
0.208970 0.160041 0.065240 0.059123 0.364934 0.141692 
0.323063 0.295051 0.090570 0.034547 0.143791 0.112979 
0.679337 0.038986 0.038986 0.053606 0.129630 0.059454 
0.070957 0.095710 0.209571 0.367987 0.209571 0.046205 
0.080365 0.189954 0.033790 0.031050 0.033790 0.631050 
0.092977 0.452028 0.063304 0.030663 0.107814 0.253215 
0.445394 0.083571 0.040836 0.032289 0.055081 0.342830 
0.085965 0.085965 0.222807 0.249123 0.291228 0.064912 
0.059649 0.080702 0.259649 0.317544 0.228070 0.054386 
0.061803 0.098278 0.080041 0.046606 0.602837 0.110436 
0.312565 0.166147 0.106957 0.057113 0.200415 0.156802 
0.197168 0.373638 0.059913 0.112200 0.089325 0.167756 
0.091097 0.522774 0.041408 0.044513 0.115942 0.184265 
0.509705 0.104641 0.033755 0.028692 0.137553 0.185654 
0.092381 0.466667 0.123810 0.032381 0.092381 0.192381 
0.103395 0.052469 0.529321 0.163580 0.066358 0.084877 
0.210271 0.437016 0.044574 0.088178 0.172481 0.047481 
0.197222 0.047222 0.230556 0.355556 0.051389 0.118056 
0.116870 0.418699 0.043699 0.074187 0.211382 0.135163 
0.153439 0.182011 0.039153 0.137566 0.270899 0.216931 
0.042406 0.642998 0.066075 0.027613 0.057199 0.163708 
0.565972 0.162326 0.024306 0.029514 0.097222 0.120660 
0.239716 0.043972 0.201418 0.367376 0.069504 0.078014 
0.058452 0.048973 0.300158 0.271722 0.257504 0.063191 
0.096804 0.198174 0.039269 0.028311 0.050228 0.587215 
0.077381 0.041667 0.568452 0.153274 0.081845 0.077381 
0.047820 0.064698 0.187060 0.385373 0.275668 0.039381 
0.212121 0.075758 0.121212 0.051693 0.490196 0.049020 
0.218723 0.528434 0.029746 0.027122 0.139983 0.055993 
0.055788 0.068340 0.181311 0.411437 0.231520 0.051604 
0.068933 0.513692 0.054769 0.063267 0.219075 0.080264 
0.213129 0.213129 0.046888 0.044331 0.223359 0.259165 
0.328853 0.164875 0.076165 0.041219 0.033154 0.355735 
0.046970 0.151515 0.128788 0.428788 0.156061 0.087879 
0.136626 0.077366 0.027984 0.020576 0.027984 0.709465 
0.104450 0.028156 0.049955 0.088102 0.671208 0.058129 
0.182796 0.049731 0.198925 0.384409 0.057796 0.126344 
0.066667 0.062016 0.131783 0.401550 0.275969 0.062016 
0.120660 0.084201 0.037326 0.024306 0.623264 0.110243 
0.049708 0.049708 0.492690 0.220760 0.106725 0.080409 
0.050147 0.063422 0.302360 0.297935 0.218289 0.067847 
0.132760 0.379179 0.055396 0.069723 0.072588 0.290353 
0.091559 0.087268 0.147353 0.417740 0.203147 0.052933 
0.047758 0.208577 0.059454 0.068226 0.492203 0.123782 
0.107195 0.058737 0.173275 0.411160 0.199706 0.049927 
0.087669 0.139692 0.064547 0.078998 0.512524 0.116570 
0.070748 0.193197 0.221769 0.356463 0.103401 0.054422 
0.132338 0.120398 0.117413 0.102488 0.460697 0.066667 
0.092172 0.065657 0.508838 0.175505 0.058081 0.099747 
0.651925 0.052416 0.032760 0.025389 0.153153 0.084357 
0.182234 0.044872 0.050366 0.039377 0.036630 0.646520 
0.097876 0.269621 0.031394 0.034164 0.460757 0.106187 
0.102564 0.654762 0.058608 0.050366 0.075092 0.058608 
0.074242 0.087879 0.260606 0.346970 0.124242 0.106061 
0.262121 0.064394 0.053030 0.023485 0.059848 0.537121 
0.195513 0.233974 0.068109 0.024840 0.094551 0.383013 
0.267025 0.387993 0.030466 0.027778 0.076165 0.210573 
0.547562 0.039169 0.027178 0.027178 0.060751 0.298161 
0.114846 0.051821 0.312325 0.303922 0.127451 0.089636 
0.311612 0.043442 0.038429 0.078530 0.459482 0.068505 
0.376396 0.242424 0.027113 0.039075 0.101276 0.213716 
0.073041 0.065073 0.148738 0.479416 0.180611 0.053121 
0.044796 0.088274 0.179183 0.404480 0.238472 0.044796 
0.050370 0.108148 0.152593 0.370370 0.268148 0.050370 
0.266831 0.096880 0.032841 0.035304 0.040230 0.527915 
0.207885 0.103047 0.076165 0.070789 0.291219 0.250896 
0.088685 0.180428 0.258410 0.267584 0.143731 0.061162 
0.148431 0.150975 0.026293 0.033927 0.056828 0.583545 
0.381877 0.224110 0.042071 0.034790 0.243528 0.073625 
0.326548 0.331637 0.023749 0.023749 0.084818 0.209500 
0.134733 0.541557 0.034996 0.045494 0.145232 0.097988 
0.682051 0.057875 0.031502 0.029304 0.042491 0.156777 
0.093333 0.033333 0.353333 0.313333 0.153333 0.053333 
0.147838 0.093445 0.223152 0.369596 0.068340 0.097629 
0.090014 0.115331 0.368495 0.267229 0.102672 0.056259 
0.432012 0.052059 0.031080 0.028749 0.096348 0.359751 
0.170274 0.070707 0.204906 0.412698 0.083694 0.057720 
0.053548 0.053548 0.254351 0.350736 0.041499 0.246319 
0.114846 0.056022 0.224090 0.429972 0.093838 0.081232 
0.121511 0.350575 0.116585 0.027915 0.252053 0.131363 
0.622922 0.040245 0.090114 0.071741 0.048119 0.126859 
0.055096 0.079890 0.224518 0.373278 0.055096 0.212121 
0.347256 0.315315 0.042588 0.059787 0.081900 0.153153 
0.183849 0.245704 0.042096 0.026632 0.147766 0.353952 
0.075993 0.493092 0.094128 0.029361 0.029361 0.278066 
0.573552 0.033646 0.080595 0.064163 0.038341 0.209703 
0.124888 0.440252 0.052111 0.065588 0.219227 0.097934 
0.103401 0.046259 0.385034 0.282993 0.038095 0.144218 
0.068783 0.183862 0.203704 0.421958 0.064815 0.056878 
0.074392 0.216023 0.147353 0.452074 0.070100 0.040057 
0.341667 0.041667 0.046212 0.018939 0.034848 0.516667 
0.111418 0.459484 0.083794 0.045120 0.219153 0.081031 
0.101825 0.263208 0.084534 0.032661 0.392891 0.124880 
0.059432 0.152455 0.202842 0.419897 0.109819 0.055556 
0.057796 0.211022 0.219086 0.384409 0.065860 0.061828 
0.052713 0.103876 0.341085 0.294574 0.150388 0.057364 
0.172549 0.212549 0.078431 0.026667 0.346667 0.163137 
0.080889 0.384889 0.051556 0.038222 0.048889 0.395556 
0.613950 0.030008 0.064071 0.039740 0.034874 0.217356 
0.443016 0.139674 0.026564 0.023993 0.057412 0.309340 
0.069406 0.422831 0.113242 0.063927 0.187215 0.143379 
0.054201 0.245257 0.208672 0.391599 0.042005 0.058266 
0.149383 0.082716 0.367901 0.108642 0.160494 0.130864 
0.408576 0.049353 0.042071 0.039644 0.076052 0.384304 
0.103268 0.103268 0.150327 0.483660 0.111111 0.048366 
0.140034 0.426117 0.057560 0.039519 0.075601 0.261168 
0.073446 0.225989 0.357345 0.204802 0.081921 0.056497 
0.173235 0.587028 0.027915 0.022989 0.099343 0.089491 
0.047840 0.075617 0.126543 0.344136 0.311728 0.094136 
0.081941 0.086714 0.036595 0.022275 0.024662 0.747812 
0.128546 0.160461 0.078014 0.101950 0.431738 0.099291 
0.146384 0.125220 0.059083 0.098765 0.490300 0.080247 
0.115865 0.418004 0.083779 0.065062 0.147950 0.169340 
0.473727 0.094417 0.037767 0.035304 0.050082 0.308703 
0.093496 0.159350 0.083740 0.071545 0.481301 0.110569 
0.576984 0.043651 0.038889 0.026984 0.041270 0.272222 
0.038095 0.054422 0.160544 0.401361 0.311565 0.034014 
0.039591 0.039591 0.177522 0.422733 0.039591 0.280971 
0.066127 0.102564 0.114710 0.430499 0.228070 0.058030 
0.035651 0.083779 0.123886 0.049020 0.642602 0.065062 
0.433257 0.110603 0.032799 0.041953 0.179252 0.202136 
0.169711 0.270167 0.023592 0.023592 0.069254 0.443683 
0.098333 0.478333 0.028333 0.028333 0.260833 0.105833 
0.042131 0.068154 0.488228 0.213135 0.090458 0.097893 
0.111549 0.052493 0.158793 0.422572 0.040682 0.213911 
0.098573 0.129702 0.160830 0.468223 0.098573 0.044099 
0.067215 0.042524 0.207133 0.404664 0.231824 0.046639 
0.064314 0.153725 0.024314 0.024314 0.031373 0.701961 
0.038130 0.248462 0.159902 0.451415 0.049200 0.052891 
0.076981 0.032138 0.036622 0.063528 0.045590 0.745142 
0.283259 0.041106 0.023169 0.020927 0.050075 0.581465 
0.045351 0.041950 0.103175 0.480726 0.028345 0.300454 
0.071331 0.046639 0.137174 0.474623 0.203018 0.067215 
0.118239 0.050314 0.250314 0.352201 0.072956 0.155975 
0.044444 0.252288 0.126797 0.479739 0.044444 0.052288 
0.064698 0.284107 0.153305 0.372714 0.081575 0.043601 
0.324614 0.071093 0.020791 0.016767 0.057009 0.509725 
0.159933 0.508418 0.051347 0.058923 0.079125 0.142256 
0.104634 0.153961 0.319880 0.252616 0.077728 0.091181 
0.360457 0.069236 0.041399 0.019986 0.426838 0.082084 
0.150975 0.428329 0.054283 0.084818 0.102629 0.178965 
0.064791 0.468883 0.062234 0.108269 0.082694 0.213129 
