0.086059 0.194492 0.122203 0.266781 0.122203 0.086059 0.122203 
0.082102 0.380952 0.082102 0.151067 0.093596 0.116585 0.093596 
0.110155 0.206540 0.158348 0.146299 0.122203 0.122203 0.134251 
0.092532 0.115260 0.228896 0.160714 0.115260 0.092532 0.194805 
0.093596 0.243021 0.128079 0.128079 0.139573 0.128079 0.139573 
0.068681 0.135989 0.116758 0.107143 0.107143 0.078297 0.385989 
0.078493 0.111460 0.364207 0.155416 0.078493 0.122449 0.089482 
0.070721 0.209335 0.179632 0.159830 0.110325 0.070721 0.199434 
0.076805 0.270353 0.087558 0.270353 0.087558 0.109063 0.098310 
0.073359 0.100386 0.316602 0.226512 0.091377 0.073359 0.118404 
0.060024 0.127251 0.202881 0.337335 0.102041 0.076831 0.093637 
0.080622 0.110325 0.140028 0.219236 0.100424 0.090523 0.258840 
0.086691 0.120879 0.385836 0.163614 0.069597 0.061050 0.112332 
0.072150 0.354978 0.112554 0.173160 0.132756 0.072150 0.082251 
0.100354 0.439197 0.075561 0.067296 0.149941 0.092090 0.075561 
0.113485 0.122830 0.085447 0.104139 0.150868 0.066756 0.356475 
0.060024 0.076831 0.496999 0.110444 0.076831 0.060024 0.118848 
0.061576 0.070197 0.156404 0.130542 0.070197 0.070197 0.440887 
0.073359 0.082368 0.127413 0.100386 0.154440 0.082368 0.379665 
0.070807 0.157764 0.253416 0.140373 0.166460 0.062112 0.149068 
0.075397 0.084656 0.112434 0.214286 0.103175 0.075397 0.334656 
0.072704 0.161990 0.153061 0.081633 0.099490 0.090561 0.340561 
0.078144 0.377289 0.112332 0.069597 0.231990 0.069597 0.061050 
0.070197 0.078818 0.121921 0.096059 0.130542 0.061576 0.440887 
0.159664 0.140056 0.140056 0.140056 0.140056 0.140056 0.140056 
0.140056 0.140056 0.140056 0.140056 0.140056 0.159664 0.140056 
0.085234 0.102041 0.093637 0.261705 0.160864 0.093637 0.202881 
0.076190 0.442857 0.076190 0.084524 0.167857 0.084524 0.067857 
0.076190 0.476190 0.084524 0.084524 0.109524 0.084524 0.084524 
0.060024 0.177671 0.144058 0.127251 0.135654 0.085234 0.270108 
0.059032 0.166470 0.133412 0.340024 0.083825 0.075561 0.141677 
0.085234 0.253301 0.085234 0.177671 0.202881 0.068427 0.127251 
0.061576 0.070197 0.121921 0.199507 0.363300 0.070197 0.113300 
0.105590 0.070807 0.105590 0.131677 0.149068 0.105590 0.331677 
0.054526 0.054526 0.260632 0.115594 0.062159 0.054526 0.398037 
0.061224 0.106337 0.249194 0.324382 0.083781 0.053706 0.121375 
0.091335 0.091335 0.148712 0.140515 0.230679 0.115925 0.181499 
0.090592 0.123113 0.155633 0.106852 0.082462 0.106852 0.334495 
0.125245 0.138943 0.097847 0.097847 0.138943 0.221135 0.180039 
0.064626 0.072562 0.159864 0.064626 0.270975 0.072562 0.294785 
0.083138 0.140515 0.083138 0.083138 0.181499 0.074941 0.353630 
0.078144 0.078144 0.326007 0.172161 0.086691 0.120879 0.137973 
0.052138 0.103233 0.147028 0.205422 0.095933 0.066736 0.329510 
0.070330 0.131868 0.101099 0.508791 0.054945 0.054945 0.078022 
0.085714 0.070330 0.447253 0.162637 0.062637 0.085714 0.085714 
0.055371 0.125138 0.148394 0.373200 0.125138 0.070875 0.101883 
0.078022 0.078022 0.462637 0.170330 0.070330 0.085714 0.054945 
0.061688 0.296537 0.107143 0.167749 0.160173 0.069264 0.137446 
0.105544 0.351812 0.098081 0.172708 0.150320 0.053305 0.068230 
0.080745 0.080745 0.167702 0.196687 0.087992 0.051760 0.334369 
0.053571 0.382519 0.139098 0.099624 0.139098 0.079887 0.106203 
0.051020 0.243878 0.108163 0.115306 0.151020 0.079592 0.251020 
0.064117 0.087739 0.111361 0.284589 0.142857 0.056243 0.253093 
0.056243 0.095613 0.127109 0.276715 0.166479 0.079865 0.197975 
0.073499 0.131470 0.305383 0.080745 0.095238 0.066253 0.247412 
0.059437 0.263816 0.183525 0.066736 0.117831 0.161627 0.147028 
0.059874 0.221639 0.148109 0.148109 0.074580 0.067227 0.280462 
0.078627 0.156146 0.086379 0.435216 0.070875 0.101883 0.070875 
0.071429 0.124060 0.176692 0.167920 0.176692 0.141604 0.141604 
0.066253 0.145963 0.051760 0.131470 0.167702 0.066253 0.370600 
0.064117 0.111361 0.119235 0.111361 0.127109 0.064117 0.402700 
0.054286 0.287619 0.167619 0.234286 0.127619 0.060952 0.067619 
0.049950 0.091908 0.063936 0.203796 0.462537 0.056943 0.070929 
0.113143 0.113143 0.161143 0.217143 0.081143 0.089143 0.225143 
0.072449 0.386735 0.108163 0.172449 0.101020 0.072449 0.086735 
0.124224 0.153209 0.232919 0.095238 0.174948 0.095238 0.124224 
0.054650 0.524449 0.061361 0.108341 0.128476 0.068073 0.054650 
0.052521 0.265756 0.096639 0.243697 0.118697 0.089286 0.133403 
0.050659 0.064843 0.199595 0.128673 0.128673 0.057751 0.369807 
0.062196 0.109815 0.157434 0.157434 0.103013 0.075802 0.334305 
0.058608 0.238095 0.090659 0.071429 0.423993 0.052198 0.065018 
0.059874 0.089286 0.140756 0.170168 0.067227 0.059874 0.412815 
0.083744 0.097537 0.214778 0.125123 0.138916 0.097537 0.242365 
0.100284 0.404920 0.100284 0.140019 0.093661 0.093661 0.067171 
0.087039 0.206244 0.153264 0.272469 0.133396 0.080416 0.067171 
0.044092 0.284832 0.056437 0.081129 0.346561 0.062610 0.124339 
0.128894 0.068743 0.399570 0.121375 0.083781 0.091300 0.106337 
0.053926 0.087039 0.192999 0.080416 0.140019 0.053926 0.391675 
0.088634 0.059437 0.329510 0.139729 0.088634 0.095933 0.198123 
0.047619 0.180952 0.087619 0.080952 0.120952 0.054286 0.427619 
0.060150 0.086466 0.428571 0.218045 0.060150 0.060150 0.086466 
0.214286 0.112434 0.121693 0.066138 0.093915 0.297619 0.093915 
0.053926 0.113529 0.113529 0.126774 0.113529 0.106906 0.371807 
0.053305 0.060768 0.075693 0.157783 0.232409 0.083156 0.336887 
0.114719 0.091991 0.084416 0.061688 0.129870 0.114719 0.402597 
0.089862 0.097926 0.420507 0.122120 0.057604 0.146313 0.065668 
0.050659 0.064843 0.100304 0.171226 0.511651 0.050659 0.050659 
0.057751 0.171226 0.121581 0.100304 0.086120 0.086120 0.376900 
0.062999 0.106477 0.075421 0.112689 0.081633 0.056788 0.503993 
0.069951 0.083744 0.242365 0.159606 0.083744 0.056158 0.304433 
0.049603 0.063492 0.105159 0.250992 0.091270 0.077381 0.362103 
0.054748 0.084688 0.324209 0.234388 0.090676 0.078700 0.132592 
0.052849 0.312964 0.110652 0.156895 0.104872 0.047069 0.214699 
0.060549 0.351939 0.080416 0.305582 0.060549 0.073794 0.067171 
0.104433 0.173399 0.069951 0.063054 0.132020 0.069951 0.387192 
0.053221 0.203548 0.151261 0.112045 0.131653 0.053221 0.295051 
0.070929 0.084915 0.091908 0.098901 0.084915 0.070929 0.497502 
0.061776 0.082046 0.082046 0.142857 0.095560 0.061776 0.473938 
0.056943 0.098901 0.112887 0.098901 0.105894 0.056943 0.469530 
0.077839 0.199634 0.090659 0.071429 0.071429 0.065018 0.423993 
0.044643 0.107143 0.200893 0.069643 0.063393 0.050893 0.463393 
0.134286 0.060952 0.467619 0.120952 0.074286 0.087619 0.054286 
0.041288 0.312964 0.058629 0.203138 0.237820 0.052849 0.093311 
0.058582 0.209661 0.072970 0.144913 0.087359 0.209661 0.216855 
0.070929 0.077922 0.126873 0.098901 0.133866 0.070929 0.420579 
0.047899 0.406723 0.200840 0.100840 0.094958 0.065546 0.083193 
0.076847 0.090640 0.525123 0.090640 0.056158 0.069951 0.090640 
0.068783 0.081129 0.291005 0.124339 0.087302 0.081129 0.266314 
0.044643 0.125893 0.094643 0.107143 0.194643 0.044643 0.388393 
0.046083 0.091244 0.091244 0.084793 0.142857 0.058986 0.484793 
0.052545 0.115764 0.230706 0.351396 0.098522 0.075534 0.075534 
0.090020 0.261252 0.165362 0.069472 0.083170 0.172211 0.158513 
0.052545 0.081281 0.104269 0.207718 0.081281 0.064039 0.408867 
0.047939 0.081496 0.141898 0.316395 0.068073 0.047939 0.296261 
0.246753 0.074026 0.110390 0.110390 0.092208 0.183117 0.183117 
0.045238 0.478571 0.056349 0.056349 0.211905 0.050794 0.100794 
0.049053 0.308090 0.073150 0.103270 0.163511 0.061102 0.241824 
0.042265 0.054100 0.107354 0.622147 0.054100 0.048183 0.071851 
0.068783 0.099647 0.229277 0.241623 0.204586 0.044092 0.111993 
0.081496 0.370086 0.061361 0.074784 0.202301 0.094919 0.115053 
0.060549 0.120151 0.120151 0.093661 0.126774 0.060549 0.418165 
0.050577 0.075421 0.230701 0.212067 0.069210 0.050577 0.311446 
0.041771 0.094403 0.193818 0.071011 0.065163 0.047619 0.486216 
0.058986 0.097696 0.104147 0.117051 0.071889 0.123502 0.426728 
0.047342 0.128738 0.047342 0.192691 0.117110 0.053156 0.413621 
0.044255 0.071429 0.125776 0.060559 0.229037 0.038820 0.430124 
0.052245 0.069388 0.092245 0.555102 0.086531 0.052245 0.092245 
0.043821 0.049956 0.681858 0.056091 0.074496 0.043821 0.049956 
0.039904 0.073424 0.090184 0.179569 0.403033 0.039904 0.173982 
0.085198 0.139415 0.115318 0.109294 0.121343 0.061102 0.368330 
0.049652 0.067944 0.281359 0.110627 0.128920 0.067944 0.293554 
0.059315 0.065163 0.047619 0.065163 0.632414 0.047619 0.082707 
0.061102 0.512909 0.109294 0.103270 0.103270 0.061102 0.049053 
0.047619 0.088555 0.123642 0.111947 0.111947 0.071011 0.445280 
0.047342 0.105482 0.117110 0.064784 0.338040 0.047342 0.279900 
0.046992 0.073308 0.362782 0.171992 0.066729 0.066729 0.211466 
0.041528 0.082226 0.070598 0.134551 0.541528 0.047342 0.082226 
0.151067 0.208539 0.105090 0.128079 0.174056 0.116585 0.116585 
0.042017 0.324370 0.053782 0.200840 0.194958 0.042017 0.142017 
0.065163 0.059315 0.416040 0.117794 0.158730 0.076859 0.106099 
0.044092 0.074956 0.105820 0.105820 0.167549 0.074956 0.426808 
0.065018 0.077839 0.084249 0.058608 0.109890 0.071429 0.532967 
0.088393 0.069643 0.307143 0.194643 0.163393 0.100893 0.075893 
0.075102 0.069388 0.212245 0.172245 0.177959 0.057959 0.235102 
0.042191 0.321984 0.218357 0.187269 0.068098 0.047372 0.114730 
0.044988 0.321231 0.050513 0.194159 0.210734 0.072612 0.105762 
0.042411 0.323661 0.063244 0.198661 0.240327 0.037202 0.094494 
0.060017 0.243449 0.077768 0.107354 0.148774 0.065934 0.296703 
0.059817 0.311049 0.094300 0.074595 0.247009 0.035186 0.178044 
0.056437 0.087302 0.111993 0.136684 0.087302 0.050265 0.470018 
0.033535 0.136821 0.066398 0.460765 0.103957 0.042924 0.155600 
0.059315 0.088555 0.152882 0.141186 0.088555 0.082707 0.386800 
0.043313 0.107143 0.213526 0.197568 0.139058 0.037994 0.261398 
0.051364 0.062600 0.225522 0.146870 0.107544 0.062600 0.343499 
0.044496 0.066354 0.077283 0.126464 0.126464 0.066354 0.492584 
0.034507 0.256729 0.077985 0.179434 0.251898 0.039337 0.160110 
0.053104 0.157816 0.126402 0.372476 0.058340 0.053104 0.178758 
0.110627 0.049652 0.482578 0.159408 0.049652 0.086237 0.061847 
0.052545 0.133005 0.110016 0.058292 0.121511 0.052545 0.472085 
0.080121 0.228269 0.249433 0.159486 0.143613 0.053666 0.085412 
0.087028 0.127258 0.104269 0.092775 0.110016 0.092775 0.385878 
0.069909 0.399696 0.048632 0.123100 0.197568 0.053951 0.107143 
0.089512 0.064195 0.203436 0.108499 0.057866 0.089512 0.386980 
0.044741 0.138148 0.050235 0.116170 0.357928 0.044741 0.248038 
0.045746 0.101926 0.399679 0.225522 0.051364 0.085072 0.090690 
0.038610 0.206178 0.092664 0.352124 0.162934 0.092664 0.054826 
0.047868 0.613313 0.063575 0.063575 0.079282 0.058340 0.074046 
0.031328 0.623434 0.048872 0.070802 0.083960 0.057644 0.083960 
0.077708 0.055730 0.566719 0.083203 0.055730 0.077708 0.083203 
0.055425 0.454333 0.077283 0.148322 0.093677 0.066354 0.104606 
0.068218 0.135634 0.321027 0.208668 0.056982 0.090690 0.118780 
0.064935 0.171887 0.155844 0.059587 0.059587 0.064935 0.423224 
0.043084 0.095994 0.191232 0.064248 0.069539 0.053666 0.482237 
0.105762 0.050513 0.116811 0.127861 0.078137 0.078137 0.442778 
0.049421 0.049421 0.108880 0.195367 0.087259 0.060232 0.449421 
0.087733 0.076863 0.163820 0.104037 0.131211 0.076863 0.359472 
0.053467 0.182122 0.076859 0.082707 0.053467 0.082707 0.468672 
0.041334 0.061639 0.061639 0.061639 0.696157 0.036258 0.041334 
0.051364 0.045746 0.186196 0.141252 0.118780 0.040128 0.416533 
0.217857 0.159524 0.059524 0.084524 0.092857 0.301190 0.084524 
0.051827 0.186711 0.047176 0.172757 0.316944 0.042525 0.182060 
0.036443 0.220117 0.097668 0.235423 0.097668 0.041545 0.271137 
0.046266 0.086039 0.080357 0.097403 0.080357 0.057630 0.551948 
0.057549 0.531483 0.062288 0.161814 0.104942 0.048070 0.033852 
0.051227 0.510823 0.076479 0.101732 0.162338 0.046176 0.051227 
0.041126 0.041126 0.091631 0.642136 0.056277 0.046176 0.081530 
0.052554 0.140637 0.446336 0.156181 0.088823 0.057735 0.057735 
0.044988 0.133386 0.072612 0.094712 0.133386 0.050513 0.470403 
0.040113 0.488388 0.040113 0.045039 0.217452 0.040113 0.128783 
0.040919 0.533381 0.061019 0.106246 0.116296 0.045944 0.096195 
0.071429 0.087733 0.239907 0.212733 0.147516 0.082298 0.158385 
0.035361 0.079915 0.070014 0.094767 0.337341 0.065064 0.317539 
0.045262 0.258133 0.055163 0.144272 0.287836 0.055163 0.154173 
0.039721 0.117770 0.093380 0.249477 0.083624 0.039721 0.376307 
0.035537 0.115139 0.080313 0.115139 0.090263 0.045487 0.518124 
0.052283 0.062592 0.505891 0.103829 0.072901 0.057437 0.145066 
0.042633 0.100224 0.194465 0.178758 0.089753 0.053104 0.341062 
0.041748 0.480104 0.073712 0.069145 0.178735 0.055447 0.101109 
0.038410 0.109164 0.052561 0.066712 0.632749 0.043127 0.057278 
0.050235 0.088697 0.132653 0.105181 0.099686 0.138148 0.385400 
0.055437 0.065387 0.169865 0.274343 0.199716 0.154940 0.080313 
0.048999 0.097308 0.077985 0.087647 0.073154 0.102139 0.512767 
0.071791 0.127629 0.071791 0.076867 0.046410 0.127629 0.477883 
0.057143 0.077656 0.072527 0.139194 0.113553 0.052015 0.487912 
0.038051 0.332443 0.056742 0.159546 0.173565 0.038051 0.201602 
0.064743 0.099226 0.251935 0.133709 0.089374 0.045039 0.315975 
0.064111 0.493380 0.054355 0.049477 0.176307 0.049477 0.112892 
0.035558 0.061759 0.035558 0.039925 0.729881 0.039925 0.057392 
0.054209 0.040816 0.143495 0.554209 0.058673 0.040816 0.107781 
0.045487 0.483298 0.060412 0.209666 0.070362 0.065387 0.065387 
0.122336 0.067088 0.288082 0.149961 0.166535 0.100237 0.105762 
0.039148 0.125687 0.087225 0.135302 0.077610 0.048764 0.486264 
0.043127 0.132749 0.085580 0.128032 0.085580 0.033693 0.491240 
0.049477 0.112892 0.317770 0.259233 0.108014 0.064111 0.088502 
0.036515 0.296605 0.063421 0.242793 0.229340 0.049968 0.081358 
0.033069 0.070106 0.079365 0.144180 0.185847 0.042328 0.445106 
0.063575 0.231114 0.079282 0.299177 0.053104 0.131638 0.142109 
0.035014 0.216387 0.084034 0.118347 0.128151 0.044818 0.373249 
0.041758 0.072527 0.062271 0.221245 0.093040 0.036630 0.472527 
0.036443 0.056851 0.179300 0.281341 0.102770 0.072157 0.271137 
0.066378 0.091631 0.248196 0.061328 0.096681 0.066378 0.369408 
0.034507 0.077985 0.068323 0.058661 0.116632 0.034507 0.609386 
0.068811 0.220643 0.100224 0.304413 0.042633 0.142109 0.121167 
0.076531 0.072066 0.112245 0.076531 0.232781 0.072066 0.357781 
0.049477 0.147038 0.103136 0.093380 0.103136 0.137282 0.366551 
0.032321 0.082094 0.254040 0.389787 0.082094 0.045895 0.113769 
0.048632 0.053951 0.080547 0.155015 0.059271 0.085866 0.516717 
0.057823 0.357823 0.067347 0.138776 0.100680 0.053061 0.224490 
0.039337 0.053830 0.276052 0.276052 0.155280 0.111801 0.087647 
0.055447 0.055447 0.082844 0.069145 0.091977 0.041748 0.603392 
0.087225 0.140110 0.077610 0.284341 0.289148 0.067995 0.053571 
0.107716 0.097021 0.503438 0.064935 0.059587 0.054240 0.113063 
0.039072 0.039072 0.333944 0.325397 0.120269 0.051893 0.090354 
0.034650 0.064438 0.272948 0.379331 0.124012 0.030395 0.094225 
0.044818 0.069328 0.103641 0.285014 0.118347 0.059524 0.319328 
0.087259 0.076448 0.276448 0.162934 0.103475 0.152124 0.141313 
0.050462 0.100213 0.135039 0.229566 0.189765 0.085288 0.209666 
0.085178 0.075788 0.399732 0.080483 0.080483 0.094567 0.183769 
0.084034 0.147759 0.191877 0.157563 0.049720 0.093838 0.275210 
0.072157 0.056851 0.368076 0.077259 0.067055 0.067055 0.291545 
0.031192 0.096694 0.127261 0.498440 0.053026 0.053026 0.140362 
0.087578 0.091925 0.087578 0.196273 0.322360 0.131056 0.083230 
0.040899 0.137673 0.061060 0.048963 0.601382 0.073157 0.036866 
0.065476 0.153439 0.046958 0.093254 0.102513 0.079365 0.458995 
0.048764 0.106456 0.048764 0.053571 0.116071 0.120879 0.505495 
0.033535 0.141516 0.122736 0.319920 0.122736 0.038229 0.221328 
0.046647 0.102770 0.143586 0.148688 0.092566 0.056851 0.408892 
0.082418 0.043956 0.423764 0.183379 0.101648 0.096841 0.067995 
0.252471 0.082659 0.082659 0.202156 0.051213 0.283917 0.044924 
0.050649 0.068831 0.355195 0.123377 0.064286 0.046104 0.291558 
0.048299 0.076871 0.467347 0.105442 0.095918 0.067347 0.138776 
0.078999 0.106649 0.065174 0.106649 0.097433 0.065174 0.479921 
0.102635 0.190014 0.165742 0.209431 0.126907 0.117198 0.088072 
0.057823 0.062585 0.143537 0.286395 0.148299 0.043537 0.257823 
0.039148 0.135302 0.390110 0.077610 0.154533 0.101648 0.101648 
0.053830 0.034507 0.140787 0.077985 0.290545 0.058661 0.343685 
0.308608 0.167582 0.077839 0.084249 0.103480 0.212454 0.045788 
0.041558 0.137013 0.105195 0.191558 0.127922 0.064286 0.332468 
0.043719 0.086823 0.073892 0.069581 0.164409 0.035099 0.526478 
0.038255 0.142857 0.117753 0.448296 0.080096 0.042439 0.130305 
0.034799 0.047619 0.231380 0.145910 0.111722 0.060440 0.368132 
0.058379 0.226648 0.048764 0.058379 0.361264 0.087225 0.159341 
0.048872 0.092732 0.167293 0.456767 0.079574 0.066416 0.088346 
0.085714 0.098480 0.132523 0.081459 0.226140 0.128267 0.247416 
0.056742 0.061415 0.327770 0.145527 0.154873 0.140854 0.112817 
0.048447 0.122360 0.052795 0.122360 0.087578 0.048447 0.518012 
0.047176 0.270432 0.121595 0.196013 0.121595 0.047176 0.196013 
0.064286 0.300649 0.150649 0.137013 0.177922 0.068831 0.100649 
0.035099 0.091133 0.073892 0.108374 0.134236 0.043719 0.513547 
0.042724 0.084780 0.276368 0.089453 0.150200 0.042724 0.313752 
0.033378 0.103471 0.047397 0.075434 0.145527 0.047397 0.547397 
0.060288 0.096986 0.064875 0.069463 0.275885 0.078637 0.353866 
0.108766 0.097403 0.137175 0.176948 0.057630 0.233766 0.188312 
0.055701 0.092398 0.381389 0.230013 0.092398 0.041940 0.106160 
0.051114 0.074050 0.385976 0.275885 0.101573 0.046527 0.064875 
0.035437 0.178848 0.047065 0.043189 0.194352 0.035437 0.465670 
0.062884 0.115516 0.139440 0.129870 0.058100 0.067669 0.426521 
0.050420 0.308339 0.086619 0.344538 0.109244 0.050420 0.050420 
0.039579 0.139147 0.385900 0.169450 0.100186 0.052566 0.113173 
0.084703 0.089128 0.124526 0.221871 0.089128 0.067004 0.323641 
0.110204 0.043537 0.305442 0.119728 0.153061 0.091156 0.176871 
0.034358 0.152502 0.127185 0.076552 0.059675 0.047016 0.502712 
0.052810 0.081246 0.327691 0.384563 0.052810 0.048070 0.052810 
0.040100 0.070802 0.070802 0.105890 0.478697 0.040100 0.193609 
0.037874 0.033223 0.447176 0.233223 0.102990 0.047176 0.098339 
0.100680 0.095918 0.319728 0.314966 0.053061 0.043537 0.072109 
0.076190 0.129524 0.156190 0.076190 0.093968 0.031746 0.436190 
0.039925 0.066126 0.096694 0.166563 0.079226 0.066126 0.485340 
0.096377 0.082023 0.254272 0.115516 0.187286 0.182502 0.082023 
0.034504 0.051453 0.398910 0.301453 0.059927 0.042978 0.110775 
0.031746 0.422857 0.053968 0.298413 0.076190 0.049524 0.067302 
0.050420 0.118293 0.082094 0.091144 0.082094 0.036846 0.539108 
0.033648 0.066706 0.298111 0.161747 0.091499 0.050177 0.298111 
0.064991 0.039240 0.249540 0.133660 0.077866 0.056407 0.378296 
0.048659 0.118528 0.266999 0.149095 0.048659 0.039925 0.328135 
0.054355 0.098258 0.068990 0.108014 0.298258 0.059233 0.312892 
0.239872 0.090618 0.105544 0.157783 0.053305 0.224947 0.127932 
0.211101 0.064604 0.236579 0.064604 0.058235 0.281165 0.083712 
0.044571 0.072571 0.152571 0.568571 0.080571 0.036571 0.044571 
0.030266 0.123487 0.068402 0.288741 0.102300 0.034504 0.352300 
0.038095 0.042262 0.129762 0.108929 0.167262 0.054762 0.458929 
0.062288 0.062288 0.370345 0.123900 0.057549 0.057549 0.266080 
0.047844 0.061995 0.038410 0.095013 0.297844 0.047844 0.411051 
0.039925 0.048659 0.066126 0.092327 0.205864 0.066126 0.480973 
0.027056 0.614177 0.042208 0.061147 0.121753 0.038420 0.095238 
0.070493 0.271366 0.166563 0.066126 0.184030 0.048659 0.192764 
0.046104 0.114286 0.291558 0.409740 0.041558 0.055195 0.041558 
0.052970 0.101659 0.079187 0.521134 0.142857 0.049224 0.052970 
0.044750 0.044750 0.141136 0.092943 0.442341 0.040734 0.193345 
0.053729 0.080278 0.058154 0.089128 0.633375 0.049305 0.036030 
0.035714 0.070802 0.079574 0.088346 0.136591 0.040100 0.548872 
0.040455 0.496207 0.084703 0.217446 0.062579 0.040455 0.058154 
0.031199 0.195950 0.058019 0.203612 0.249589 0.042693 0.218938 
0.047016 0.076552 0.038577 0.144063 0.101869 0.034358 0.557565 
0.042693 0.069513 0.038862 0.149973 0.448823 0.058019 0.192118 
0.096543 0.073712 0.603392 0.055447 0.032616 0.060013 0.078278 
0.051827 0.042525 0.186711 0.093688 0.075083 0.061130 0.489037 
0.030266 0.051453 0.055690 0.593826 0.106538 0.030266 0.131961 
0.059524 0.074230 0.093838 0.162465 0.128151 0.079132 0.402661 
0.391115 0.043554 0.092334 0.116725 0.177700 0.110627 0.067944 
0.075912 0.117753 0.088464 0.101016 0.034071 0.067543 0.515242 
0.029718 0.051616 0.040667 0.033368 0.770594 0.029718 0.044317 
0.032321 0.054945 0.104719 0.457660 0.204266 0.032321 0.113769 
0.058442 0.132822 0.108028 0.074970 0.103896 0.083235 0.438607 
0.031561 0.302879 0.163344 0.333887 0.070321 0.054817 0.043189 
0.038095 0.150595 0.129762 0.088095 0.125595 0.050595 0.417262 
0.043527 0.109933 0.172433 0.070871 0.102121 0.039621 0.461496 
0.059853 0.478826 0.051948 0.229814 0.044043 0.083569 0.051948 
0.055958 0.327847 0.166557 0.088216 0.221856 0.083608 0.055958 
0.052340 0.138547 0.151478 0.065271 0.203202 0.039409 0.349754 
0.047823 0.150828 0.206622 0.142244 0.060699 0.052115 0.339669 
0.036138 0.067758 0.059853 0.249577 0.079616 0.040090 0.466968 
0.029503 0.496894 0.043996 0.087474 0.138199 0.040373 0.163561 
0.027263 0.305889 0.080698 0.080698 0.057797 0.038713 0.408942 
0.038255 0.042439 0.205619 0.101016 0.067543 0.063359 0.481769 
0.069404 0.073453 0.288028 0.126084 0.198959 0.109890 0.134182 
0.037318 0.159767 0.086297 0.053644 0.396501 0.037318 0.229155 
0.028233 0.245624 0.162620 0.368154 0.059853 0.047995 0.087521 
0.050164 0.603599 0.069248 0.092148 0.050164 0.065431 0.069248 
0.040966 0.033613 0.029937 0.033613 0.809349 0.026261 0.026261 
0.061491 0.109317 0.118012 0.100621 0.078882 0.048447 0.483230 
0.048186 0.052154 0.044218 0.064059 0.718821 0.032313 0.040249 
0.060330 0.048378 0.634035 0.096187 0.036426 0.056346 0.068298 
0.031808 0.047433 0.063058 0.242746 0.047433 0.031808 0.535714 
0.095238 0.374517 0.041184 0.072716 0.180824 0.068211 0.167310 
0.043346 0.111722 0.098901 0.244200 0.205739 0.150183 0.145910 
0.079734 0.163455 0.061130 0.154153 0.126246 0.168106 0.247176 
0.192759 0.103718 0.110568 0.117417 0.069472 0.343444 0.062622 
0.067827 0.101441 0.206483 0.105642 0.051020 0.072029 0.395558 
0.082512 0.155788 0.121305 0.108374 0.121305 0.069581 0.341133 
0.024716 0.093920 0.076619 0.567968 0.159664 0.038557 0.038557 
0.039374 0.088844 0.035840 0.039374 0.714286 0.035840 0.046441 
0.030612 0.083244 0.049409 0.154672 0.410311 0.034372 0.237379 
0.033862 0.059788 0.056085 0.233862 0.167196 0.033862 0.415344 
0.045113 0.105842 0.138230 0.154425 0.037016 0.069404 0.449971 
0.033368 0.066215 0.058916 0.150156 0.391032 0.044317 0.255996 
0.067262 0.079762 0.375595 0.175595 0.163095 0.050595 0.088095 
0.031808 0.043527 0.152902 0.086496 0.410714 0.043527 0.231027 
0.032967 0.101793 0.061307 0.126084 0.077501 0.061307 0.539040 
0.320138 0.049053 0.085198 0.097246 0.067126 0.175559 0.205680 
0.037471 0.201405 0.062061 0.131733 0.402225 0.062061 0.103044 
0.073574 0.086450 0.369712 0.082158 0.116493 0.082158 0.189454 
0.249300 0.046685 0.164332 0.079365 0.053221 0.340803 0.066293 
0.188635 0.050513 0.100237 0.089187 0.072612 0.448303 0.050513 
0.036224 0.229082 0.061224 0.196939 0.064796 0.043367 0.368367 
0.029304 0.038919 0.026099 0.029304 0.798535 0.045330 0.032509 
0.029610 0.175065 0.033247 0.345974 0.204156 0.025974 0.185974 
0.051948 0.083569 0.229814 0.435347 0.071711 0.071711 0.055901 
0.054187 0.126984 0.146141 0.218938 0.088670 0.134647 0.230432 
0.024462 0.534736 0.058708 0.089530 0.158023 0.024462 0.110078 
0.039011 0.046703 0.050549 0.058242 0.392857 0.035165 0.377473 
0.026357 0.063258 0.103848 0.642594 0.070638 0.033737 0.059568 
0.060091 0.127551 0.377551 0.103741 0.064059 0.107710 0.159297 
0.044931 0.052995 0.157834 0.073157 0.129608 0.057028 0.484447 
0.299652 0.067944 0.104530 0.177700 0.043554 0.250871 0.055749 
0.041118 0.092778 0.030047 0.044808 0.624143 0.044808 0.122298 
0.059788 0.133862 0.167196 0.137566 0.074603 0.037566 0.389418 
0.039514 0.039514 0.043060 0.092705 0.404762 0.035968 0.344478 
0.024378 0.341784 0.034617 0.147245 0.096051 0.031204 0.324720 
0.033862 0.452381 0.041270 0.230159 0.063492 0.030159 0.148677 
0.044043 0.044043 0.138905 0.107284 0.103331 0.095426 0.466968 
0.037428 0.177649 0.070638 0.487612 0.144439 0.037428 0.044808 
0.028472 0.171828 0.101898 0.406094 0.098402 0.038961 0.154346 
0.025786 0.347086 0.065498 0.097989 0.195462 0.025786 0.242393 
0.038741 0.106538 0.216707 0.191283 0.165860 0.038741 0.242131 
0.043523 0.530978 0.057860 0.065028 0.043523 0.036354 0.222734 
0.037706 0.037706 0.097185 0.093468 0.338821 0.048858 0.346256 
0.037290 0.040966 0.074055 0.224790 0.507878 0.029937 0.085084 
0.029397 0.155750 0.079938 0.195462 0.162971 0.033007 0.343476 
0.386403 0.181583 0.067126 0.067126 0.049053 0.193632 0.055077 
0.026611 0.101774 0.121382 0.536415 0.078898 0.029879 0.105042 
0.067168 0.084712 0.509273 0.126817 0.046115 0.081203 0.084712 
0.124609 0.464025 0.073514 0.164755 0.088113 0.040667 0.044317 
0.079932 0.520408 0.099773 0.044218 0.064059 0.087868 0.103741 
0.061665 0.076053 0.140802 0.144399 0.068859 0.061665 0.446557 
0.025063 0.621554 0.053133 0.060150 0.105764 0.028571 0.105764 
0.035165 0.050549 0.092857 0.062088 0.081319 0.046703 0.631319 
0.275102 0.046531 0.166531 0.063673 0.052245 0.355102 0.040816 
0.030961 0.183053 0.148832 0.152634 0.316133 0.103205 0.065182 
0.052571 0.068571 0.048571 0.120571 0.112571 0.092571 0.504571 
0.038420 0.068723 0.049784 0.045996 0.424784 0.076299 0.295996 
0.044317 0.318040 0.219499 0.069864 0.069864 0.219499 0.058916 
0.308880 0.054826 0.087259 0.076448 0.060232 0.276448 0.135907 
0.037428 0.299420 0.044808 0.059568 0.052188 0.081708 0.424881 
0.033988 0.067446 0.052576 0.060011 0.152947 0.048858 0.584174 
0.031996 0.476791 0.082470 0.158179 0.101397 0.057233 0.091933 
0.054187 0.077176 0.081007 0.065681 0.123153 0.042693 0.556103 
0.045996 0.121753 0.053571 0.114177 0.227814 0.053571 0.383117 
0.040090 0.075663 0.158667 0.083569 0.130999 0.032185 0.478826 
0.024213 0.071671 0.058111 0.095400 0.244552 0.034383 0.471671 
0.032770 0.054275 0.097286 0.161802 0.039939 0.036354 0.577573 
0.296261 0.061361 0.061361 0.074784 0.054650 0.195590 0.255992 
0.024050 0.620010 0.050986 0.172198 0.061087 0.034151 0.037518 
0.348856 0.067088 0.078137 0.127861 0.044988 0.288082 0.044988 
0.060235 0.037846 0.030384 0.119936 0.101279 0.052772 0.597548 
0.049041 0.034115 0.052772 0.108742 0.090085 0.052772 0.612473 
0.026348 0.565253 0.023466 0.069576 0.081103 0.029230 0.205023 
0.044156 0.084156 0.149610 0.178701 0.175065 0.065974 0.302338 
0.033039 0.537925 0.039553 0.042811 0.153560 0.039553 0.153560 
0.268495 0.281888 0.067602 0.058673 0.080995 0.192602 0.049745 
0.028274 0.372024 0.038690 0.038690 0.312996 0.028274 0.181052 
0.028046 0.037248 0.043383 0.733567 0.074058 0.043383 0.040316 
0.028875 0.064336 0.092705 0.145897 0.085613 0.032421 0.550152 
0.352433 0.044741 0.055730 0.050235 0.039246 0.182104 0.275510 
0.046115 0.112782 0.414536 0.098747 0.126817 0.102256 0.098747 
0.026698 0.157845 0.223419 0.361124 0.141452 0.046370 0.043091 
0.076011 0.332615 0.045822 0.125067 0.125067 0.109973 0.185445 
0.040227 0.033007 0.097989 0.065498 0.267664 0.087158 0.408458 
0.026553 0.063728 0.048858 0.245884 0.546999 0.033988 0.033988 
0.043837 0.054667 0.487880 0.126870 0.040227 0.043837 0.202682 
0.092955 0.051859 0.171722 0.521037 0.038160 0.082681 0.041585 
0.059788 0.370899 0.063492 0.367196 0.048677 0.030159 0.059788 
0.026786 0.174812 0.171523 0.095865 0.105733 0.039944 0.385338 
0.032313 0.599773 0.052154 0.099773 0.099773 0.044218 0.071995 
0.052576 0.416888 0.048858 0.331386 0.037706 0.041423 0.071163 
0.086677 0.045479 0.086677 0.161584 0.112895 0.041734 0.464955 
0.028176 0.201186 0.125062 0.412259 0.083539 0.035096 0.114681 
0.065681 0.115490 0.203612 0.272578 0.096333 0.172961 0.073344 
0.045010 0.045010 0.260763 0.168297 0.353229 0.041585 0.086106 
0.047107 0.165387 0.086534 0.416283 0.190476 0.039939 0.054275 
0.040316 0.190622 0.107800 0.457493 0.126205 0.034181 0.043383 
0.228752 0.133816 0.089512 0.127486 0.064195 0.266727 0.089512 
0.061147 0.326299 0.049784 0.136905 0.292208 0.076299 0.057359 
0.053889 0.142857 0.028978 0.036096 0.577021 0.039654 0.121505 
0.023419 0.088993 0.144731 0.102108 0.311944 0.029977 0.298829 
0.118304 0.133929 0.305804 0.079241 0.063616 0.188616 0.110491 
0.045185 0.431766 0.054770 0.105888 0.252853 0.080329 0.029210 
0.038275 0.068464 0.064690 0.076011 0.068464 0.072237 0.611860 
0.047301 0.137602 0.080745 0.318204 0.331581 0.057334 0.027234 
0.252297 0.047619 0.117794 0.071011 0.094403 0.205514 0.211362 
0.187930 0.048892 0.177235 0.059587 0.048892 0.433919 0.043545 
0.042757 0.074447 0.289235 0.229376 0.113179 0.070926 0.180080 
0.022809 0.076030 0.022809 0.034014 0.779112 0.042417 0.022809 
0.057042 0.332660 0.053508 0.053508 0.357395 0.042908 0.102978 
0.027886 0.411448 0.041585 0.038160 0.051859 0.068982 0.360078 
0.092778 0.070638 0.148129 0.148129 0.078018 0.059568 0.402741 
0.133005 0.087028 0.115764 0.069787 0.052545 0.489327 0.052545 
0.478536 0.049965 0.069669 0.109078 0.114004 0.118930 0.059817 
0.050133 0.090506 0.028394 0.059450 0.472493 0.037711 0.261313 
0.023810 0.620476 0.040476 0.073810 0.173810 0.023810 0.043810 
0.045010 0.079256 0.082681 0.130626 0.315558 0.051859 0.295010 
0.036654 0.056391 0.424812 0.145207 0.145207 0.043233 0.148496 
0.031796 0.107031 0.034931 0.053739 0.674429 0.050605 0.047470 
0.040748 0.077661 0.124640 0.077661 0.070949 0.023969 0.584372 
0.030578 0.130913 0.064023 0.455327 0.157668 0.037267 0.124224 
0.027234 0.117535 0.050645 0.468705 0.197802 0.027234 0.110846 
0.069864 0.044317 0.358186 0.270594 0.037018 0.175704 0.044317 
0.041591 0.253617 0.047920 0.057414 0.310579 0.060579 0.228300 
0.070476 0.143810 0.127143 0.477143 0.087143 0.050476 0.043810 
0.193632 0.103270 0.097246 0.061102 0.079174 0.368330 0.097246 
0.047967 0.037018 0.442127 0.153806 0.062565 0.044317 0.212200 
0.043956 0.117535 0.117535 0.294792 0.150979 0.040612 0.234591 
0.340388 0.050265 0.192240 0.044092 0.056437 0.272487 0.044092 
0.070807 0.227329 0.175155 0.157764 0.088199 0.140373 0.140373 
0.428571 0.070283 0.070283 0.097021 0.048892 0.193277 0.091673 
0.026267 0.077880 0.026267 0.029493 0.748848 0.061751 0.029493 
0.262271 0.072527 0.103297 0.052015 0.052015 0.308425 0.149451 
0.073247 0.120519 0.236883 0.149610 0.073247 0.073247 0.273247 
0.064264 0.064264 0.067304 0.280069 0.146331 0.042987 0.334781 
0.204936 0.063575 0.074046 0.063575 0.131638 0.393418 0.068811 
0.364907 0.082298 0.055124 0.098602 0.049689 0.174689 0.174689 
0.041585 0.134051 0.048434 0.041585 0.647750 0.048434 0.038160 
0.452502 0.061639 0.046410 0.066715 0.188542 0.137781 0.046410 
0.229566 0.060412 0.174840 0.040512 0.035537 0.398721 0.060412 
0.239907 0.049689 0.196429 0.109472 0.038820 0.288820 0.076863 
0.085520 0.214772 0.095724 0.197765 0.238581 0.082119 0.085520 
0.033365 0.056391 0.046523 0.234023 0.319549 0.023496 0.286654 
0.042951 0.049486 0.369748 0.183473 0.059290 0.056022 0.239029 
0.070773 0.076889 0.055483 0.462211 0.156400 0.086064 0.092180 
0.189388 0.315102 0.046531 0.080816 0.052245 0.263673 0.052245 
0.058910 0.120766 0.069219 0.069219 0.072656 0.058910 0.550319 
0.221784 0.094712 0.094712 0.111287 0.044988 0.376480 0.056038 
0.031896 0.173405 0.101078 0.566487 0.044474 0.041330 0.041330 
0.042163 0.264385 0.135913 0.368552 0.052579 0.076885 0.059524 
0.031500 0.149512 0.161934 0.429015 0.118456 0.025288 0.084295 
0.022821 0.035600 0.105888 0.256047 0.141031 0.035600 0.403012 
0.026183 0.132292 0.048691 0.084061 0.399173 0.026183 0.283418 
0.026698 0.082436 0.325059 0.226698 0.111944 0.029977 0.197190 
0.297619 0.063244 0.073661 0.073661 0.209077 0.235119 0.047619 
0.056444 0.059940 0.098402 0.045954 0.245255 0.042458 0.451548 
0.023810 0.365915 0.070593 0.096909 0.120301 0.067669 0.254804 
0.059318 0.048937 0.619871 0.073159 0.066238 0.097380 0.035096 
0.024826 0.046167 0.061411 0.097997 0.192509 0.024826 0.552265 
0.033147 0.105042 0.523343 0.072362 0.056022 0.098506 0.111578 
0.042396 0.058525 0.023041 0.035945 0.761751 0.039171 0.039171 
0.027211 0.536139 0.039116 0.155187 0.152211 0.027211 0.062925 
0.023496 0.128759 0.059680 0.076128 0.602444 0.023496 0.085996 
0.023810 0.038429 0.479950 0.322055 0.061821 0.026734 0.047201 
0.085520 0.112731 0.112731 0.275996 0.143343 0.105928 0.163751 
0.035299 0.372508 0.064369 0.105066 0.058555 0.035299 0.328904 
0.062778 0.038557 0.062778 0.194266 0.107761 0.066238 0.467622 
0.047619 0.072981 0.214286 0.065735 0.083851 0.054865 0.460663 
0.135302 0.370879 0.082418 0.101648 0.082418 0.188187 0.039148 
0.066697 0.035151 0.050924 0.457864 0.255971 0.057233 0.076160 
0.021485 0.704862 0.042593 0.042593 0.082171 0.021485 0.084810 
0.048105 0.037901 0.061710 0.058309 0.088921 0.044704 0.660350 
0.376945 0.079915 0.065064 0.074965 0.065064 0.164074 0.173975 
0.077423 0.056444 0.315185 0.381618 0.045954 0.049451 0.073926 
0.043233 0.102444 0.257049 0.138628 0.138628 0.161654 0.158365 
0.048691 0.164446 0.077630 0.077630 0.071199 0.042260 0.518144 
0.343685 0.058661 0.242236 0.034507 0.077985 0.189096 0.053830 
0.307634 0.069539 0.043084 0.069539 0.043084 0.212396 0.254724 
0.025367 0.065866 0.246551 0.352470 0.065866 0.053405 0.190476 
0.033475 0.043376 0.063178 0.158887 0.119283 0.040075 0.541726 
0.023810 0.033810 0.133810 0.107143 0.200476 0.050476 0.450476 
0.061978 0.120440 0.120440 0.246593 0.169670 0.043516 0.237363 
0.037901 0.122935 0.153547 0.514091 0.061710 0.048105 0.061710 
0.025755 0.420121 0.045473 0.135614 0.315895 0.020121 0.037022 
0.223840 0.115560 0.077343 0.064604 0.083712 0.223840 0.211101 
0.297052 0.058957 0.095994 0.053666 0.037793 0.270597 0.185941 
0.302445 0.050193 0.104247 0.054698 0.041184 0.351995 0.095238 
0.053989 0.070712 0.241280 0.087434 0.087434 0.057334 0.401816 
0.085895 0.076401 0.076401 0.554250 0.114376 0.038427 0.054250 
0.026352 0.227000 0.107258 0.123440 0.097550 0.113731 0.304669 
0.020585 0.063812 0.101276 0.124331 0.245368 0.040758 0.403870 
0.037143 0.107143 0.287143 0.037143 0.080476 0.030476 0.420476 
0.036465 0.054483 0.114543 0.330759 0.123552 0.048477 0.291720 
0.049518 0.156880 0.061788 0.117003 0.301052 0.037248 0.276512 
0.036508 0.083730 0.178175 0.464286 0.142063 0.044841 0.050397 
0.215331 0.039721 0.259233 0.059233 0.054355 0.317770 0.054355 
0.448299 0.057823 0.105442 0.134014 0.067347 0.138776 0.048299 
0.063542 0.066697 0.306444 0.155025 0.060388 0.088779 0.259126 
0.060855 0.094087 0.078981 0.233060 0.260250 0.106172 0.166595 
0.037019 0.123398 0.133365 0.166588 0.349312 0.063598 0.126720 
0.482625 0.045689 0.086229 0.104247 0.099743 0.126770 0.054698 
0.040070 0.064460 0.219948 0.125436 0.058362 0.094948 0.396777 
0.039297 0.110495 0.052242 0.049006 0.055479 0.055479 0.638003 
0.233824 0.058937 0.045484 0.049968 0.045484 0.350416 0.215887 
0.409681 0.058442 0.157615 0.095632 0.058442 0.182409 0.037780 
0.021386 0.733961 0.030368 0.042344 0.111206 0.024380 0.036356 
0.052285 0.029230 0.594072 0.083985 0.161795 0.040758 0.037876 
0.028571 0.378571 0.103571 0.084821 0.137946 0.059821 0.206696 
0.053908 0.195418 0.226864 0.132525 0.151393 0.101078 0.138814 
0.036918 0.182986 0.050963 0.506019 0.140851 0.022873 0.059390 
0.043118 0.067509 0.369338 0.113240 0.094948 0.061411 0.250436 
0.035402 0.044148 0.038317 0.055810 0.758434 0.032486 0.035402 
0.034605 0.053239 0.084295 0.127773 0.239574 0.047028 0.413487 
0.028132 0.074286 0.098901 0.141978 0.154286 0.037363 0.465055 
0.026468 0.482525 0.040719 0.062097 0.287750 0.033593 0.066848 
0.058720 0.052585 0.055653 0.037248 0.261174 0.040316 0.494303 
0.070990 0.049518 0.055653 0.052585 0.251972 0.031113 0.488168 
0.038884 0.154269 0.065511 0.379121 0.133559 0.024091 0.204565 
0.234878 0.041184 0.059202 0.041184 0.095238 0.365508 0.162806 
0.032677 0.120654 0.056137 0.094261 0.633850 0.029744 0.032677 
0.322773 0.138673 0.059175 0.059175 0.046623 0.297669 0.075912 
0.182502 0.101162 0.110731 0.072454 0.043746 0.369105 0.120301 
0.399755 0.039240 0.150828 0.077866 0.082158 0.198038 0.052115 
0.071650 0.102609 0.059266 0.183105 0.210969 0.087130 0.285272 
0.151916 0.039721 0.083624 0.078746 0.068990 0.503136 0.073868 
0.327526 0.083624 0.078746 0.088502 0.054355 0.239721 0.127526 
0.356499 0.095238 0.068211 0.059202 0.104247 0.167310 0.149292 
0.192071 0.115516 0.086808 0.115516 0.067669 0.369105 0.053315 
0.341909 0.048070 0.071767 0.114421 0.166554 0.209208 0.048070 
0.436277 0.100178 0.058684 0.137522 0.050385 0.149970 0.066983 
0.368354 0.045484 0.108264 0.090327 0.032031 0.224856 0.130685 
0.022008 0.735521 0.027413 0.105792 0.062548 0.022008 0.024710 
0.064745 0.137845 0.082289 0.134921 0.088137 0.085213 0.406850 
0.043019 0.148133 0.105519 0.051542 0.491883 0.025974 0.133929 
0.040564 0.117725 0.117725 0.052910 0.074515 0.071429 0.525132 
0.049120 0.060581 0.493246 0.137945 0.092100 0.040524 0.126484 
0.037021 0.110192 0.134582 0.271777 0.222997 0.058362 0.165070 
0.023997 0.142107 0.092238 0.619798 0.060742 0.031871 0.029246 
0.044020 0.044020 0.267857 0.128322 0.107973 0.041113 0.366694 
0.112637 0.151099 0.292125 0.192766 0.067766 0.090201 0.093407 
0.321429 0.042262 0.233929 0.042262 0.029762 0.254762 0.075595 
0.049367 0.052425 0.287899 0.300131 0.131935 0.052425 0.125819 
0.036815 0.092837 0.112445 0.238495 0.134854 0.081633 0.302921 
0.038429 0.146617 0.099833 0.588137 0.053049 0.044277 0.029657 
0.464798 0.053315 0.220779 0.038961 0.058100 0.101162 0.062884 
0.022309 0.520939 0.036008 0.025049 0.225049 0.027789 0.142857 
0.036032 0.187368 0.086477 0.128020 0.122086 0.039000 0.401017 
0.026048 0.496133 0.051689 0.182743 0.151404 0.037444 0.054538 
0.295141 0.056563 0.244380 0.066715 0.066715 0.193619 0.076867 
0.345903 0.056563 0.239304 0.041334 0.051487 0.203771 0.061639 
0.079462 0.061224 0.587060 0.055145 0.100738 0.036908 0.079462 
0.059635 0.053405 0.168669 0.352470 0.159324 0.087672 0.118825 
0.078898 0.069094 0.078898 0.154062 0.229225 0.088702 0.301120 
0.047028 0.062555 0.112245 0.047028 0.208518 0.022183 0.500444 
0.025678 0.126944 0.104159 0.529476 0.096564 0.025678 0.091501 
0.060408 0.160408 0.091837 0.077551 0.103265 0.068980 0.437551 
0.108264 0.094811 0.054452 0.054452 0.090327 0.565663 0.032031 
0.090532 0.041113 0.189369 0.221346 0.035299 0.032392 0.389950 
0.368999 0.166570 0.032967 0.130133 0.053210 0.207056 0.041064 
0.058362 0.076655 0.177265 0.082753 0.116289 0.055314 0.433362 
0.067120 0.082993 0.257596 0.165533 0.213152 0.117914 0.095692 
0.028897 0.188441 0.034595 0.037444 0.091575 0.057387 0.561661 
0.023810 0.049851 0.044643 0.620164 0.120164 0.026414 0.114955 
0.376623 0.074970 0.054309 0.170012 0.070838 0.203070 0.050177 
0.225426 0.051114 0.257536 0.037353 0.041940 0.344692 0.041940 
0.030528 0.542857 0.027789 0.066145 0.115460 0.027789 0.189432 
0.359926 0.169450 0.065553 0.056895 0.043908 0.264688 0.039579 
0.418618 0.037471 0.262881 0.066159 0.037471 0.135831 0.041569 
0.029794 0.099312 0.396104 0.230328 0.037815 0.115355 0.091291 
0.023997 0.268091 0.144732 0.134233 0.037120 0.021372 0.370454 
0.224158 0.041231 0.187573 0.057491 0.037166 0.394890 0.057491 
0.068393 0.051396 0.215702 0.076892 0.065561 0.048563 0.473493 
0.046401 0.046401 0.202411 0.161491 0.337961 0.036171 0.169163 
0.046083 0.242320 0.043395 0.325653 0.156298 0.043395 0.142857 
0.331026 0.044682 0.119572 0.053493 0.066709 0.225299 0.159220 
0.017337 0.628988 0.027046 0.090153 0.175104 0.017337 0.044036 
0.073959 0.057610 0.651615 0.106656 0.022188 0.057610 0.030362 
0.337815 0.086835 0.035854 0.126050 0.133894 0.243697 0.035854 
0.338481 0.050193 0.248391 0.050193 0.050193 0.198842 0.063707 
0.026414 0.075893 0.677455 0.083705 0.062872 0.021205 0.052455 
0.238906 0.124012 0.098480 0.047416 0.047416 0.400608 0.043161 
