0.110155 0.086059 0.134251 0.098107 0.098107 0.266781 0.206540 
0.093596 0.093596 0.128079 0.116585 0.105090 0.151067 0.311987 
0.098107 0.110155 0.170396 0.158348 0.122203 0.098107 0.242685 
0.217532 0.081169 0.194805 0.103896 0.092532 0.217532 0.092532 
0.174056 0.105090 0.139573 0.151067 0.105090 0.128079 0.197044 
0.366758 0.078297 0.126374 0.107143 0.068681 0.135989 0.116758 
0.100471 0.111460 0.364207 0.089482 0.089482 0.144427 0.100471 
0.179632 0.090523 0.179632 0.110325 0.070721 0.120226 0.248939 
0.076805 0.098310 0.098310 0.087558 0.076805 0.248848 0.313364 
0.145431 0.064350 0.280566 0.118404 0.064350 0.262548 0.064350 
0.135654 0.076831 0.160864 0.135654 0.060024 0.261705 0.169268 
0.219236 0.090523 0.169731 0.110325 0.100424 0.189533 0.120226 
0.129426 0.086691 0.368742 0.069597 0.069597 0.155067 0.120879 
0.082251 0.082251 0.092352 0.142857 0.072150 0.112554 0.415584 
0.100354 0.100354 0.075561 0.141677 0.092090 0.075561 0.414404 
0.356475 0.113485 0.104139 0.122830 0.085447 0.141522 0.076101 
0.144058 0.060024 0.454982 0.085234 0.060024 0.093637 0.102041 
0.458128 0.061576 0.130542 0.087438 0.061576 0.121921 0.078818 
0.388674 0.082368 0.091377 0.172458 0.073359 0.109395 0.082368 
0.192547 0.070807 0.288199 0.114286 0.062112 0.114286 0.157764 
0.343915 0.066138 0.103175 0.093915 0.066138 0.251323 0.075397 
0.349490 0.072704 0.135204 0.108418 0.081633 0.117347 0.135204 
0.103785 0.061050 0.095238 0.172161 0.078144 0.120879 0.368742 
0.397783 0.070197 0.121921 0.139163 0.061576 0.096059 0.113300 
0.140056 0.140056 0.140056 0.140056 0.159664 0.140056 0.140056 
0.140056 0.140056 0.140056 0.140056 0.159664 0.140056 0.140056 
0.118848 0.102041 0.110444 0.144058 0.076831 0.312125 0.135654 
0.059524 0.084524 0.084524 0.167857 0.076190 0.076190 0.451190 
0.076190 0.084524 0.076190 0.126190 0.076190 0.076190 0.484524 
0.354142 0.076831 0.093637 0.060024 0.076831 0.186074 0.152461 
0.158205 0.075561 0.125148 0.116883 0.059032 0.315230 0.149941 
0.129426 0.103785 0.120879 0.172161 0.078144 0.146520 0.249084 
0.113300 0.078818 0.156404 0.259852 0.061576 0.251232 0.078818 
0.418634 0.114286 0.088199 0.105590 0.096894 0.105590 0.070807 
0.375136 0.054526 0.214831 0.092694 0.054526 0.130862 0.077426 
0.136412 0.061224 0.301826 0.076262 0.053706 0.279270 0.091300 
0.173302 0.132319 0.132319 0.206089 0.091335 0.165105 0.099532 
0.342625 0.082462 0.147503 0.131243 0.106852 0.082462 0.106852 
0.180039 0.125245 0.097847 0.152642 0.138943 0.152642 0.152642 
0.310658 0.064626 0.120181 0.270975 0.064626 0.104308 0.064626 
0.337237 0.091335 0.091335 0.238876 0.066745 0.091335 0.083138 
0.129426 0.095238 0.326007 0.061050 0.095238 0.223443 0.069597 
0.395203 0.052138 0.095933 0.110532 0.052138 0.183525 0.110532 
0.078022 0.062637 0.139560 0.054945 0.062637 0.462637 0.139560 
0.093407 0.062637 0.478022 0.054945 0.093407 0.131868 0.085714 
0.070875 0.063123 0.148394 0.101883 0.055371 0.411960 0.148394 
0.078022 0.062637 0.424176 0.062637 0.085714 0.208791 0.078022 
0.107143 0.069264 0.122294 0.175325 0.061688 0.129870 0.334416 
0.075693 0.090618 0.105544 0.247335 0.060768 0.127932 0.292111 
0.356108 0.073499 0.167702 0.095238 0.073499 0.131470 0.102484 
0.079887 0.079887 0.132519 0.139098 0.053571 0.119361 0.395677 
0.193878 0.079592 0.108163 0.143878 0.058163 0.172449 0.243878 
0.190101 0.064117 0.095613 0.182227 0.064117 0.300337 0.103487 
0.197975 0.056243 0.095613 0.197975 0.064117 0.316085 0.071991 
0.247412 0.080745 0.334369 0.080745 0.066253 0.087992 0.102484 
0.168926 0.198123 0.139729 0.103233 0.066736 0.081335 0.241919 
0.295168 0.052521 0.155462 0.118697 0.052521 0.162815 0.162815 
0.070875 0.078627 0.109635 0.070875 0.070875 0.380952 0.218162 
0.124060 0.132832 0.159148 0.167920 0.088972 0.194236 0.132832 
0.348861 0.080745 0.059006 0.138716 0.066253 0.167702 0.138716 
0.418448 0.071991 0.095613 0.095613 0.071991 0.142857 0.103487 
0.080952 0.054286 0.134286 0.107619 0.054286 0.207619 0.360952 
0.063936 0.049950 0.077922 0.490509 0.049950 0.196803 0.070929 
0.161143 0.097143 0.201143 0.081143 0.105143 0.249143 0.105143 
0.115306 0.072449 0.108163 0.086735 0.072449 0.179592 0.365306 
0.189441 0.131470 0.211180 0.218427 0.087992 0.051760 0.109731 
0.068073 0.074784 0.054650 0.209012 0.054650 0.121764 0.417066 
0.118697 0.074580 0.103992 0.155462 0.059874 0.162815 0.324580 
0.405268 0.057751 0.164134 0.114488 0.050659 0.114488 0.093212 
0.388727 0.082604 0.082604 0.075802 0.068999 0.123421 0.177843 
0.071429 0.065018 0.071429 0.411172 0.045788 0.103480 0.231685 
0.368697 0.059874 0.103992 0.096639 0.052521 0.228992 0.089286 
0.263054 0.104433 0.166502 0.104433 0.076847 0.187192 0.097537 
0.080416 0.087039 0.073794 0.133396 0.100284 0.133396 0.391675 
0.060549 0.093661 0.113529 0.126774 0.087039 0.305582 0.212867 
0.111993 0.056437 0.044092 0.445326 0.056437 0.093474 0.192240 
0.113856 0.091300 0.361976 0.076262 0.128894 0.174006 0.053706 
0.385052 0.073794 0.219489 0.100284 0.047304 0.113529 0.060549 
0.227320 0.110532 0.314911 0.074035 0.088634 0.117831 0.066736 
0.427619 0.047619 0.080952 0.080952 0.054286 0.107619 0.200952 
0.073308 0.053571 0.454887 0.053571 0.066729 0.198308 0.099624 
0.119048 0.217087 0.119048 0.099440 0.256303 0.070028 0.119048 
0.391675 0.100284 0.106906 0.153264 0.047304 0.093661 0.106906 
0.396588 0.060768 0.098081 0.210021 0.068230 0.105544 0.060768 
0.468894 0.097926 0.065668 0.105991 0.081797 0.105991 0.073733 
0.097926 0.122120 0.380184 0.065668 0.114055 0.105991 0.114055 
0.064843 0.057751 0.086120 0.497467 0.050659 0.171226 0.071935 
0.419453 0.100304 0.157042 0.086120 0.057751 0.064843 0.114488 
0.460515 0.050577 0.118900 0.081633 0.056788 0.106477 0.125111 
0.338916 0.049261 0.242365 0.125123 0.076847 0.069951 0.097537 
0.341270 0.063492 0.112103 0.084325 0.056548 0.244048 0.098214 
0.174508 0.072712 0.318221 0.120616 0.060736 0.168520 0.084688 
0.272502 0.047069 0.104872 0.081751 0.058629 0.156895 0.278282 
0.073794 0.053926 0.080416 0.080416 0.067171 0.245979 0.398297 
0.359606 0.111330 0.063054 0.138916 0.083744 0.069951 0.173399 
0.347339 0.046685 0.157796 0.098973 0.053221 0.164332 0.131653 
0.469530 0.070929 0.105894 0.119880 0.070929 0.084915 0.077922 
0.487452 0.075290 0.082046 0.129344 0.048263 0.109073 0.068533 
0.483516 0.077922 0.105894 0.112887 0.049950 0.070929 0.098901 
0.417582 0.090659 0.097070 0.071429 0.045788 0.071429 0.206044 
0.407143 0.050893 0.244643 0.057143 0.044643 0.113393 0.082143 
0.087619 0.114286 0.440952 0.054286 0.120952 0.107619 0.074286 
0.081751 0.052849 0.041288 0.208918 0.047069 0.145334 0.422791 
0.245632 0.123330 0.108941 0.080164 0.080164 0.101747 0.260021 
0.399600 0.091908 0.119880 0.105894 0.056943 0.112887 0.112887 
0.077311 0.059664 0.206723 0.106723 0.053782 0.089076 0.406723 
0.069951 0.049261 0.456158 0.063054 0.097537 0.138916 0.125123 
0.303351 0.081129 0.303351 0.068783 0.062610 0.118166 0.062610 
0.382143 0.057143 0.100893 0.232143 0.044643 0.113393 0.069643 
0.510599 0.052535 0.097696 0.129954 0.052535 0.065438 0.091244 
0.081281 0.058292 0.207718 0.092775 0.058292 0.351396 0.150246 
0.131115 0.144814 0.151663 0.090020 0.083170 0.158513 0.240705 
0.391626 0.058292 0.098522 0.069787 0.041051 0.247947 0.092775 
0.289549 0.047939 0.141898 0.068073 0.047939 0.316395 0.088207 
0.185853 0.088766 0.108183 0.069348 0.331484 0.117892 0.098474 
0.123016 0.061905 0.061905 0.161905 0.050794 0.073016 0.467460 
0.217728 0.073150 0.085198 0.169535 0.043029 0.061102 0.350258 
0.071851 0.042265 0.071851 0.060017 0.042265 0.663567 0.048183 
0.111993 0.062610 0.223104 0.210758 0.056437 0.235450 0.099647 
0.094919 0.094919 0.068073 0.148610 0.074784 0.088207 0.430489 
0.444655 0.067171 0.087039 0.100284 0.053926 0.146641 0.100284 
0.274179 0.062999 0.243123 0.106477 0.044366 0.218279 0.050577 
0.492063 0.047619 0.193818 0.053467 0.041771 0.088555 0.082707 
0.329954 0.110599 0.162212 0.052535 0.078341 0.123502 0.142857 
0.332226 0.041528 0.058970 0.181063 0.047342 0.215947 0.122924 
0.430124 0.065994 0.087733 0.267081 0.038820 0.049689 0.060559 
0.132245 0.046531 0.115102 0.075102 0.052245 0.509388 0.069388 
0.049956 0.043821 0.675723 0.056091 0.043821 0.080631 0.049956 
0.118117 0.051077 0.095770 0.414206 0.039904 0.157223 0.123703 
0.283993 0.067126 0.175559 0.091222 0.055077 0.175559 0.151463 
0.287456 0.067944 0.287456 0.122822 0.043554 0.141115 0.049652 
0.047619 0.065163 0.047619 0.609023 0.059315 0.094403 0.076859 
0.055077 0.067126 0.091222 0.121343 0.055077 0.067126 0.543029 
0.509607 0.059315 0.106099 0.123642 0.041771 0.100251 0.059315 
0.303156 0.047342 0.122924 0.338040 0.047342 0.076412 0.064784 
0.154286 0.067619 0.334286 0.080952 0.060952 0.234286 0.067619 
0.058970 0.064784 0.122924 0.547342 0.041528 0.105482 0.058970 
0.139286 0.114286 0.101786 0.164286 0.089286 0.176786 0.214286 
0.136134 0.042017 0.047899 0.200840 0.047899 0.165546 0.359664 
0.106099 0.094403 0.427736 0.111947 0.047619 0.123642 0.088555 
0.402116 0.056437 0.093474 0.161376 0.050265 0.111993 0.124339 
0.494505 0.071429 0.071429 0.135531 0.065018 0.071429 0.090659 
0.063393 0.119643 0.382143 0.144643 0.082143 0.119643 0.088393 
0.217959 0.086531 0.235102 0.183673 0.052245 0.137959 0.086531 
0.171725 0.042191 0.182087 0.062916 0.042191 0.197631 0.301258 
0.144436 0.078137 0.067088 0.172060 0.050513 0.216259 0.271507 
0.058036 0.052827 0.063244 0.287202 0.047619 0.120536 0.370536 
0.273035 0.077768 0.077768 0.125106 0.060017 0.089603 0.296703 
0.187896 0.045039 0.079521 0.296270 0.045039 0.094300 0.251935 
0.463845 0.044092 0.111993 0.074956 0.062610 0.099647 0.142857 
0.169685 0.042924 0.075788 0.094567 0.033535 0.423206 0.160295 
0.369256 0.065163 0.187970 0.117794 0.071011 0.117794 0.071011 
0.245441 0.037994 0.186930 0.176292 0.043313 0.234802 0.075228 
0.354735 0.051364 0.231140 0.113162 0.056982 0.107544 0.085072 
0.514442 0.060890 0.088212 0.110070 0.044496 0.126464 0.055425 
0.160110 0.039337 0.073154 0.247067 0.039337 0.193927 0.247067 
0.173523 0.047868 0.136874 0.058340 0.053104 0.293942 0.236350 
0.086237 0.122822 0.488676 0.074042 0.061847 0.116725 0.049652 
0.506568 0.064039 0.069787 0.064039 0.058292 0.098522 0.138752 
0.164777 0.085412 0.270597 0.244142 0.053666 0.095994 0.085412 
0.408867 0.081281 0.069787 0.104269 0.092775 0.155993 0.087028 
0.123100 0.075228 0.048632 0.303951 0.059271 0.112462 0.277356 
0.367993 0.064195 0.140145 0.089512 0.114828 0.165461 0.057866 
0.220565 0.050235 0.050235 0.341444 0.050235 0.127159 0.160126 
0.096308 0.051364 0.427769 0.101926 0.045746 0.203050 0.073836 
0.044015 0.076448 0.081853 0.200772 0.044015 0.330502 0.222394 
0.063575 0.053104 0.079282 0.074046 0.053104 0.089753 0.587135 
0.102402 0.040455 0.071429 0.058154 0.036030 0.062579 0.628951 
0.061224 0.066719 0.583203 0.072214 0.077708 0.072214 0.066719 
0.082748 0.055425 0.049961 0.164715 0.066354 0.137393 0.443404 
0.146870 0.073836 0.354735 0.090690 0.079454 0.163724 0.090690 
0.417876 0.064935 0.145149 0.070283 0.064935 0.097021 0.139801 
0.545729 0.058957 0.117158 0.064248 0.037793 0.095994 0.080121 
0.468301 0.060017 0.101437 0.089603 0.060017 0.119189 0.101437 
0.471042 0.060232 0.114286 0.103475 0.054826 0.141313 0.054826 
0.343168 0.082298 0.142081 0.163820 0.076863 0.109472 0.082298 
0.515455 0.059315 0.088555 0.071011 0.065163 0.053467 0.147034 
0.051487 0.041334 0.041334 0.716461 0.036258 0.051487 0.061639 
0.467095 0.045746 0.163724 0.085072 0.040128 0.146870 0.051364 
0.109524 0.292857 0.067857 0.084524 0.226190 0.109524 0.109524 
0.182060 0.042525 0.061130 0.265781 0.047176 0.196013 0.205316 
0.266035 0.036443 0.082362 0.123178 0.036443 0.245627 0.209913 
0.586039 0.051948 0.086039 0.074675 0.051948 0.074675 0.074675 
0.038592 0.067028 0.057549 0.142857 0.043331 0.138118 0.512525 
0.061328 0.061328 0.071429 0.167388 0.046176 0.137085 0.455267 
0.091631 0.051227 0.111833 0.076479 0.041126 0.571429 0.056277 
0.083642 0.042191 0.446336 0.083642 0.062916 0.145818 0.135455 
0.481452 0.050513 0.138911 0.149961 0.044988 0.061563 0.072612 
0.089374 0.045039 0.035186 0.242083 0.040113 0.040113 0.508093 
0.116296 0.040919 0.081120 0.186648 0.035894 0.086145 0.452979 
0.120342 0.071429 0.223602 0.136646 0.044255 0.288820 0.114907 
0.332390 0.045262 0.070014 0.327440 0.040311 0.119519 0.065064 
0.114569 0.060113 0.065064 0.426450 0.040311 0.124470 0.169024 
0.351916 0.034843 0.073868 0.112892 0.039721 0.288502 0.098258 
0.528074 0.040512 0.075338 0.110163 0.035537 0.120114 0.090263 
0.093520 0.052283 0.490427 0.083211 0.067747 0.139912 0.072901 
0.398654 0.053104 0.163052 0.100224 0.037397 0.136874 0.110696 
0.114808 0.046314 0.055447 0.274625 0.055447 0.055447 0.397913 
0.047844 0.033693 0.052561 0.656334 0.043127 0.066712 0.099730 
0.352433 0.099686 0.138148 0.160126 0.083203 0.110675 0.055730 
0.090263 0.154940 0.184790 0.184790 0.050462 0.284293 0.050462 
0.536922 0.077985 0.073154 0.058661 0.053830 0.092478 0.106970 
0.518492 0.071791 0.087020 0.061639 0.102248 0.056563 0.102248 
0.518681 0.057143 0.072527 0.128938 0.046886 0.103297 0.072527 
0.243658 0.052069 0.061415 0.224967 0.033378 0.126836 0.257677 
0.315975 0.045039 0.242083 0.074595 0.054891 0.158339 0.109078 
0.112892 0.064111 0.073868 0.195819 0.044599 0.034843 0.473868 
0.035558 0.044292 0.039925 0.769183 0.031192 0.031192 0.048659 
0.072066 0.040816 0.165816 0.067602 0.058673 0.545281 0.049745 
0.045487 0.045487 0.065387 0.085288 0.050462 0.224591 0.483298 
0.194958 0.083193 0.253782 0.153782 0.071429 0.171429 0.071429 
0.505495 0.039148 0.077610 0.082418 0.039148 0.120879 0.135302 
0.396900 0.038410 0.071429 0.165768 0.043127 0.142183 0.142183 
0.115327 0.058036 0.328869 0.073661 0.037202 0.266369 0.120536 
0.171044 0.045484 0.054452 0.188981 0.045484 0.251762 0.242793 
0.454365 0.033069 0.051587 0.153439 0.033069 0.185847 0.088624 
0.126402 0.094989 0.079282 0.079282 0.089753 0.309648 0.220643 
0.387955 0.039916 0.088936 0.157563 0.039916 0.108543 0.177171 
0.446886 0.036630 0.108425 0.103297 0.036630 0.216117 0.052015 
0.260933 0.061953 0.209913 0.128280 0.046647 0.245627 0.046647 
0.268398 0.071429 0.308802 0.157287 0.061328 0.066378 0.066378 
0.561077 0.034507 0.073154 0.131125 0.034507 0.053830 0.111801 
0.121167 0.089753 0.100224 0.079282 0.084518 0.283470 0.241586 
0.322066 0.049745 0.107781 0.268495 0.098852 0.094388 0.058673 
0.361672 0.132404 0.108014 0.083624 0.059233 0.093380 0.161672 
0.095669 0.036846 0.136393 0.109244 0.036846 0.502909 0.082094 
0.506079 0.064590 0.085866 0.091185 0.069909 0.112462 0.069909 
0.172109 0.076871 0.091156 0.124490 0.043537 0.091156 0.400680 
0.063492 0.087647 0.251898 0.189096 0.044168 0.300207 0.063492 
0.575995 0.055447 0.069145 0.110241 0.032616 0.096543 0.060013 
0.039148 0.077610 0.101648 0.351648 0.082418 0.188187 0.159341 
0.107716 0.080978 0.498090 0.080978 0.097021 0.070283 0.064935 
0.124542 0.047619 0.338217 0.064713 0.039072 0.321123 0.064713 
0.089970 0.034650 0.264438 0.170821 0.030395 0.311246 0.098480 
0.343838 0.059524 0.074230 0.128151 0.044818 0.299720 0.049720 
0.152124 0.081853 0.308880 0.119691 0.119691 0.130502 0.087259 
0.229566 0.080313 0.140014 0.209666 0.055437 0.229566 0.055437 
0.211938 0.085178 0.418511 0.057009 0.089873 0.071093 0.066398 
0.245798 0.098739 0.226190 0.108543 0.054622 0.177171 0.088936 
0.301749 0.061953 0.337464 0.112974 0.077259 0.061953 0.046647 
0.170930 0.039925 0.118528 0.061759 0.039925 0.472240 0.096694 
0.109317 0.152795 0.096273 0.252795 0.074534 0.196273 0.118012 
0.048963 0.048963 0.044931 0.621544 0.048963 0.052995 0.133641 
0.394180 0.070106 0.088624 0.195106 0.074735 0.065476 0.111772 
0.572802 0.101648 0.048764 0.077610 0.053571 0.043956 0.101648 
0.244802 0.033535 0.132126 0.113347 0.033535 0.352783 0.089873 
0.342566 0.077259 0.199708 0.097668 0.041545 0.158892 0.082362 
0.058379 0.116071 0.457418 0.082418 0.077610 0.149725 0.058379 
0.053571 0.244361 0.086466 0.053571 0.237782 0.211466 0.112782 
0.291558 0.064286 0.373377 0.073377 0.037013 0.100649 0.059740 
0.167347 0.086395 0.419728 0.072109 0.043537 0.119728 0.091156 
0.461488 0.069783 0.065174 0.125082 0.060566 0.138907 0.078999 
0.088072 0.102635 0.131761 0.112344 0.112344 0.267684 0.185160 
0.305442 0.048299 0.172109 0.086395 0.057823 0.238776 0.091156 
0.178571 0.048764 0.380495 0.116071 0.048764 0.082418 0.144918 
0.334023 0.058661 0.116632 0.266391 0.053830 0.121463 0.048999 
0.047939 0.182167 0.054650 0.128476 0.316395 0.094919 0.175455 
0.359740 0.046104 0.100649 0.123377 0.046104 0.196104 0.127922 
0.513547 0.039409 0.052340 0.233374 0.030788 0.056650 0.073892 
0.121937 0.042439 0.088464 0.151225 0.038255 0.427376 0.130305 
0.415140 0.056166 0.145910 0.120269 0.043346 0.150183 0.068987 
0.197802 0.087225 0.048764 0.380495 0.063187 0.067995 0.154533 
0.092732 0.075188 0.154135 0.079574 0.053258 0.417293 0.127820 
0.247416 0.098480 0.162310 0.217629 0.089970 0.072948 0.111246 
0.122163 0.117490 0.295060 0.126836 0.061415 0.224967 0.052069 
0.491925 0.048447 0.078882 0.118012 0.044099 0.104969 0.113665 
0.186711 0.042525 0.168106 0.061130 0.047176 0.200664 0.293688 
0.087013 0.127922 0.132468 0.146104 0.041558 0.077922 0.387013 
0.517857 0.030788 0.095443 0.160099 0.035099 0.078202 0.082512 
0.318425 0.047397 0.276368 0.187583 0.038051 0.075434 0.056742 
0.528705 0.033378 0.042724 0.112817 0.033378 0.075434 0.173565 
0.353866 0.083224 0.041940 0.262123 0.064875 0.115334 0.078637 
0.148539 0.228084 0.182630 0.063312 0.108766 0.199675 0.068994 
0.087811 0.046527 0.422674 0.096986 0.046527 0.230013 0.069463 
0.064875 0.051114 0.385976 0.101573 0.046527 0.262123 0.087811 
0.461794 0.031561 0.050941 0.221484 0.043189 0.078073 0.112957 
0.445660 0.072454 0.129870 0.058100 0.053315 0.120301 0.120301 
0.041370 0.054945 0.100194 0.122818 0.045895 0.362637 0.272140 
0.147805 0.065553 0.372913 0.113173 0.035250 0.160792 0.104515 
0.332491 0.097977 0.115676 0.067004 0.067004 0.235145 0.084703 
0.243537 0.110204 0.276871 0.119728 0.072109 0.134014 0.043537 
0.468957 0.042797 0.131404 0.097649 0.030139 0.089210 0.139843 
0.052810 0.043331 0.337170 0.048070 0.071767 0.360867 0.085985 
0.211153 0.040100 0.057644 0.496241 0.040100 0.092732 0.062030 
0.084385 0.047176 0.414618 0.070432 0.037874 0.289037 0.056478 
0.067347 0.043537 0.319728 0.062585 0.095918 0.319728 0.091156 
0.342857 0.058413 0.147302 0.151746 0.049524 0.133968 0.116190 
0.459139 0.044292 0.166563 0.096694 0.048659 0.105427 0.079226 
0.096377 0.168148 0.215995 0.206425 0.110731 0.105947 0.096377 
0.093826 0.047215 0.369249 0.055690 0.030266 0.343826 0.059927 
0.080635 0.036190 0.058413 0.111746 0.031746 0.329524 0.351746 
0.566257 0.045895 0.086619 0.091144 0.045895 0.113769 0.050420 
0.318772 0.037780 0.343566 0.095632 0.037780 0.103896 0.062574 
0.365420 0.086450 0.245248 0.090742 0.052115 0.116493 0.043532 
0.310667 0.057392 0.236432 0.070493 0.048659 0.170930 0.105427 
0.361672 0.059233 0.064111 0.254355 0.054355 0.122648 0.083624 
0.119235 0.229471 0.119235 0.087739 0.197975 0.103487 0.142857 
0.047619 0.227619 0.214286 0.067619 0.234286 0.107619 0.100952 
0.068571 0.032571 0.100571 0.056571 0.048571 0.612571 0.080571 
0.365012 0.030266 0.102300 0.076877 0.038741 0.297215 0.089588 
0.463095 0.050595 0.125595 0.171429 0.038095 0.092262 0.058929 
0.285037 0.057549 0.313473 0.076506 0.071767 0.152336 0.043331 
0.500674 0.047844 0.038410 0.283693 0.033693 0.057278 0.038410 
0.515908 0.066126 0.061759 0.170930 0.044292 0.057392 0.083593 
0.087662 0.038420 0.038420 0.091450 0.027056 0.053571 0.663420 
0.184030 0.066126 0.201497 0.227698 0.053026 0.057392 0.210231 
0.037013 0.068831 0.282468 0.082468 0.046104 0.387013 0.096104 
0.094168 0.060460 0.086677 0.131621 0.030498 0.528625 0.067951 
0.309811 0.028686 0.145152 0.329891 0.044750 0.104991 0.036718 
0.040455 0.044880 0.044880 0.615676 0.058154 0.111252 0.084703 
0.509398 0.031328 0.119048 0.145363 0.040100 0.110276 0.044486 
0.053729 0.040455 0.049305 0.067004 0.031606 0.213021 0.544880 
0.180624 0.038862 0.073344 0.245758 0.042693 0.207444 0.211275 
0.561784 0.047016 0.059675 0.084991 0.047016 0.122966 0.076552 
0.192118 0.046524 0.050356 0.490969 0.042693 0.142310 0.035030 
0.082844 0.069145 0.589693 0.046314 0.087410 0.046314 0.078278 
0.535548 0.070432 0.158804 0.061130 0.037874 0.089037 0.047176 
0.119249 0.034504 0.081114 0.081114 0.030266 0.610775 0.042978 
0.432073 0.059524 0.074230 0.098739 0.069328 0.152661 0.113445 
0.064604 0.185623 0.090082 0.185623 0.300273 0.109190 0.064604 
0.511058 0.092648 0.084280 0.088464 0.050807 0.088464 0.084280 
0.047967 0.029718 0.026069 0.792492 0.033368 0.029718 0.040667 
0.113769 0.032321 0.113769 0.204266 0.032321 0.444085 0.059470 
0.364227 0.074970 0.141086 0.141086 0.054309 0.112161 0.112161 
0.031561 0.043189 0.136213 0.066445 0.047065 0.361019 0.314507 
0.404762 0.050595 0.117262 0.158929 0.046429 0.104762 0.117262 
0.449777 0.051339 0.160714 0.070871 0.031808 0.074777 0.160714 
0.047995 0.067758 0.059853 0.079616 0.067758 0.229814 0.447205 
0.111257 0.051350 0.129691 0.203423 0.069783 0.092824 0.341672 
0.332512 0.052340 0.142857 0.168719 0.043719 0.099754 0.160099 
0.322502 0.069283 0.223789 0.077866 0.034948 0.142244 0.129368 
0.395822 0.032185 0.091474 0.075663 0.036138 0.300960 0.067758 
0.138199 0.036749 0.043996 0.141822 0.033126 0.087474 0.518634 
0.374591 0.038713 0.061614 0.061614 0.027263 0.080698 0.355507 
0.481769 0.067543 0.193066 0.067543 0.038255 0.121937 0.029886 
0.130133 0.134182 0.267785 0.186813 0.049161 0.126084 0.105842 
0.204665 0.065889 0.102624 0.359767 0.037318 0.041399 0.188338 
0.047995 0.032185 0.174478 0.091474 0.040090 0.285150 0.328628 
0.088332 0.057797 0.076881 0.057797 0.061614 0.076881 0.580698 
0.029937 0.040966 0.033613 0.798319 0.026261 0.033613 0.037290 
0.465839 0.061491 0.178882 0.078882 0.039752 0.074534 0.100621 
0.040249 0.036281 0.036281 0.698980 0.044218 0.107710 0.036281 
0.068298 0.064314 0.594195 0.056346 0.052362 0.104155 0.060330 
0.555246 0.031808 0.070871 0.055246 0.027902 0.199777 0.059152 
0.171815 0.099743 0.045689 0.189833 0.068211 0.081725 0.342986 
0.111722 0.098901 0.145910 0.231380 0.056166 0.257021 0.098901 
0.275083 0.144850 0.075083 0.130897 0.079734 0.130897 0.163455 
0.058582 0.274409 0.094553 0.065776 0.260021 0.108941 0.137718 
0.424970 0.063625 0.181273 0.072029 0.067827 0.151861 0.038415 
0.371305 0.082512 0.125616 0.099754 0.078202 0.121305 0.121305 
0.042017 0.028176 0.104301 0.170044 0.028176 0.526446 0.100840 
0.049975 0.028773 0.032307 0.696618 0.042908 0.049975 0.099445 
0.256176 0.034372 0.056928 0.383996 0.034372 0.154672 0.079484 
0.433862 0.030159 0.078307 0.156085 0.033862 0.174603 0.093122 
0.405437 0.053210 0.178716 0.073453 0.053210 0.117987 0.117987 
0.296142 0.033368 0.058916 0.350886 0.033368 0.135558 0.091762 
0.129762 0.067262 0.313095 0.146429 0.054762 0.229762 0.058929 
0.383371 0.039621 0.133371 0.254464 0.031808 0.109933 0.047433 
0.518797 0.037016 0.097744 0.057259 0.041064 0.162522 0.085599 
0.205680 0.199656 0.073150 0.055077 0.308090 0.091222 0.067126 
0.111241 0.057963 0.049766 0.377635 0.041569 0.139930 0.221897 
0.210459 0.058673 0.389031 0.107781 0.049745 0.098852 0.085459 
0.076321 0.295499 0.165362 0.055773 0.261252 0.083170 0.062622 
0.064039 0.316913 0.092775 0.075534 0.276683 0.115764 0.058292 
0.475510 0.054082 0.089796 0.068367 0.032653 0.139796 0.139796 
0.045330 0.038919 0.026099 0.779304 0.035714 0.038919 0.035714 
0.175065 0.025974 0.080519 0.207792 0.025974 0.320519 0.164156 
0.032185 0.051948 0.312818 0.036138 0.067758 0.427442 0.071711 
0.230432 0.096333 0.146141 0.073344 0.061850 0.268747 0.123153 
0.144325 0.024462 0.045010 0.164873 0.024462 0.089530 0.507339 
0.369780 0.046703 0.073626 0.373626 0.027473 0.065934 0.042857 
0.048498 0.030047 0.129678 0.037428 0.026357 0.627833 0.100158 
0.139456 0.079932 0.401361 0.079932 0.068027 0.147392 0.083900 
0.500576 0.065092 0.169931 0.081221 0.044931 0.061060 0.077189 
0.045496 0.160146 0.083712 0.058235 0.357598 0.134668 0.160146 
0.103848 0.037428 0.041118 0.661044 0.041118 0.048498 0.066948 
0.382011 0.033862 0.211640 0.104233 0.052381 0.111640 0.104233 
0.344478 0.035968 0.043060 0.383485 0.028875 0.135258 0.028875 
0.379327 0.027791 0.041443 0.143832 0.027791 0.171136 0.208679 
0.141270 0.037566 0.063492 0.141270 0.033862 0.178307 0.404233 
0.470920 0.040090 0.123094 0.111237 0.087521 0.095426 0.071711 
0.048498 0.044808 0.074328 0.155509 0.030047 0.476542 0.170269 
0.140360 0.042458 0.105395 0.154346 0.035465 0.409590 0.112388 
0.296545 0.025786 0.043837 0.213512 0.025786 0.087158 0.307375 
0.259080 0.038741 0.174334 0.148910 0.034504 0.254843 0.089588 
0.229903 0.039939 0.047107 0.082949 0.047107 0.072197 0.480799 
0.372278 0.030271 0.089750 0.312799 0.052576 0.097185 0.045141 
0.103466 0.033613 0.070378 0.511555 0.029937 0.213761 0.037290 
0.325425 0.040227 0.087158 0.224342 0.025786 0.144920 0.152140 
0.051213 0.195867 0.051213 0.082659 0.384546 0.057502 0.176999 
0.127918 0.039683 0.118114 0.082166 0.026611 0.529879 0.075630 
0.063659 0.095238 0.495238 0.060150 0.053133 0.119799 0.112782 
0.040667 0.069864 0.077164 0.084463 0.091762 0.102711 0.533368 
0.155329 0.135488 0.099773 0.060091 0.036281 0.071995 0.441043 
0.507708 0.050874 0.076053 0.086845 0.068859 0.137205 0.072456 
0.084712 0.032080 0.063659 0.095238 0.032080 0.084712 0.607519 
0.619780 0.046703 0.115934 0.081319 0.035165 0.058242 0.042857 
0.054422 0.399660 0.167517 0.042517 0.227041 0.048469 0.060374 
0.103205 0.118414 0.129821 0.297121 0.034764 0.202064 0.114612 
0.492571 0.084571 0.040571 0.140571 0.052571 0.108571 0.080571 
0.360390 0.061147 0.042208 0.367965 0.042208 0.057359 0.068723 
0.055266 0.135558 0.164755 0.066215 0.037018 0.073514 0.467675 
0.163724 0.354735 0.068218 0.056982 0.214286 0.073836 0.068218 
0.447022 0.074328 0.044808 0.066948 0.041118 0.044808 0.280970 
0.573022 0.041423 0.067446 0.152947 0.030271 0.071163 0.063728 
0.066697 0.047769 0.073006 0.091933 0.031996 0.243353 0.445246 
0.570871 0.039621 0.043527 0.188058 0.035714 0.059152 0.063058 
0.402056 0.072511 0.042208 0.261905 0.045996 0.068723 0.106602 
0.490683 0.036138 0.123094 0.170525 0.036138 0.063806 0.079616 
0.475061 0.024213 0.047942 0.258111 0.024213 0.125908 0.044552 
0.534562 0.032770 0.111623 0.093702 0.032770 0.125960 0.068612 
0.240443 0.205231 0.064386 0.064386 0.275654 0.071429 0.078471 
0.037518 0.030784 0.064454 0.098124 0.024050 0.185666 0.559404 
0.046798 0.150246 0.150246 0.041051 0.408867 0.150246 0.052545 
0.597548 0.056503 0.075160 0.090085 0.045309 0.093817 0.041578 
0.631130 0.060235 0.071429 0.067697 0.049041 0.067697 0.052772 
0.233841 0.026348 0.037876 0.081103 0.029230 0.063812 0.527789 
0.265974 0.062338 0.175065 0.171429 0.044156 0.171429 0.109610 
0.120987 0.029781 0.042811 0.156817 0.046068 0.065612 0.537925 
0.065174 0.078999 0.069783 0.069783 0.378539 0.060566 0.277156 
0.170635 0.024802 0.045635 0.413690 0.024802 0.038690 0.281746 
0.037248 0.043383 0.028046 0.098598 0.031113 0.718230 0.043383 
0.567882 0.032421 0.113982 0.074975 0.028875 0.121074 0.060790 
0.270016 0.182104 0.050235 0.066719 0.335950 0.044741 0.050235 
0.073514 0.080813 0.460375 0.135558 0.051616 0.095412 0.102711 
0.046370 0.036534 0.184075 0.131616 0.036534 0.410304 0.154567 
0.143935 0.128841 0.098652 0.211860 0.060916 0.079784 0.276011 
0.458999 0.051057 0.065498 0.235173 0.072718 0.076328 0.040227 
0.041423 0.026553 0.037706 0.558152 0.030271 0.231014 0.074881 
0.162971 0.051057 0.397628 0.036617 0.036617 0.181021 0.134090 
0.034975 0.059113 0.193596 0.045320 0.107389 0.483251 0.076355 
0.041270 0.041270 0.070899 0.033862 0.041270 0.300529 0.470899 
0.405075 0.026786 0.118891 0.122180 0.033365 0.115602 0.178102 
0.036281 0.032313 0.064059 0.103741 0.036281 0.095805 0.631519 
0.071163 0.045141 0.030271 0.045141 0.052576 0.320234 0.435475 
0.509898 0.045479 0.064205 0.094168 0.079187 0.161584 0.045479 
0.128522 0.035096 0.183885 0.097380 0.024716 0.391498 0.138903 
0.043189 0.159468 0.225360 0.081949 0.078073 0.326135 0.085825 
0.072407 0.048434 0.322407 0.291585 0.041585 0.158023 0.065558 
0.039939 0.036354 0.079365 0.172555 0.043523 0.444956 0.183308 
0.040316 0.040316 0.135408 0.083260 0.037248 0.454426 0.209027 
0.133396 0.173132 0.080416 0.067171 0.279092 0.146641 0.120151 
0.068723 0.095238 0.045996 0.318723 0.049784 0.148268 0.273268 
0.107270 0.050330 0.036096 0.641078 0.050330 0.036096 0.078800 
0.275878 0.033255 0.125059 0.321780 0.026698 0.102108 0.115222 
0.100354 0.141677 0.315230 0.075561 0.116883 0.092090 0.158205 
0.035600 0.064354 0.080329 0.214514 0.041990 0.105888 0.457325 
0.592992 0.068464 0.083558 0.083558 0.049596 0.068464 0.053369 
0.037267 0.050645 0.047301 0.365026 0.057334 0.344959 0.097468 
0.189895 0.171603 0.147213 0.049652 0.275261 0.092334 0.074042 
0.050794 0.367460 0.195238 0.050794 0.206349 0.078571 0.050794 
0.162475 0.074447 0.324447 0.123742 0.039235 0.222334 0.053320 
0.028571 0.028571 0.022938 0.772233 0.037022 0.039839 0.070825 
0.134780 0.060575 0.060575 0.371530 0.039374 0.042908 0.290257 
0.366928 0.051859 0.048434 0.099804 0.027886 0.079256 0.325832 
0.480232 0.074328 0.103848 0.081708 0.078018 0.089088 0.092778 
0.042772 0.288281 0.120616 0.090676 0.300257 0.072712 0.084688 
0.067055 0.128280 0.046647 0.143586 0.465015 0.107872 0.041545 
0.245785 0.043922 0.025288 0.500444 0.043922 0.059450 0.081189 
0.030476 0.030476 0.033810 0.270476 0.023810 0.053810 0.557143 
0.315558 0.041585 0.079256 0.209393 0.041585 0.144325 0.168297 
0.151786 0.039944 0.421523 0.138628 0.030075 0.135338 0.082707 
0.066279 0.053739 0.044335 0.693238 0.034931 0.050605 0.056874 
0.560882 0.027325 0.161553 0.057526 0.040748 0.094439 0.057526 
0.124224 0.033923 0.060678 0.231247 0.033923 0.438605 0.077401 
0.060678 0.027234 0.074056 0.298137 0.027234 0.431916 0.080745 
0.044317 0.066215 0.394682 0.037018 0.139208 0.252346 0.066215 
0.215642 0.085895 0.044756 0.263110 0.035262 0.038427 0.316908 
0.040476 0.057143 0.093810 0.110476 0.077143 0.480476 0.140476 
0.132974 0.239892 0.076370 0.057502 0.309075 0.101527 0.082659 
0.212200 0.037018 0.427529 0.058916 0.055266 0.168405 0.040667 
0.204491 0.033923 0.171046 0.117535 0.040612 0.301481 0.130913 
0.052535 0.181567 0.188018 0.052535 0.394470 0.058986 0.071889 
0.158730 0.084656 0.177249 0.075397 0.066138 0.205026 0.232804 
0.150794 0.228571 0.050794 0.061905 0.350794 0.078571 0.078571 
0.039171 0.035945 0.029493 0.726267 0.039171 0.029493 0.100461 
0.197568 0.123100 0.069909 0.037994 0.431611 0.064590 0.075228 
0.255065 0.098701 0.189610 0.073247 0.062338 0.167792 0.153247 
0.377334 0.052106 0.070343 0.125054 0.052106 0.264872 0.058185 
0.060559 0.234472 0.093168 0.125776 0.354037 0.060559 0.071429 
0.170299 0.192897 0.062954 0.051655 0.351090 0.119451 0.051655 
0.031311 0.055284 0.034736 0.664873 0.045010 0.038160 0.130626 
0.042857 0.142857 0.053383 0.190226 0.416541 0.084962 0.069173 
0.041973 0.330633 0.191458 0.036819 0.279087 0.052283 0.067747 
0.074253 0.187248 0.255044 0.046005 0.294592 0.085553 0.057304 
0.037901 0.099125 0.092323 0.395044 0.065112 0.160350 0.150146 
0.204417 0.033365 0.046523 0.359023 0.030075 0.273496 0.053102 
0.281513 0.039683 0.359944 0.049486 0.049486 0.180205 0.039683 
0.073831 0.064657 0.061599 0.116645 0.073831 0.523373 0.086064 
0.069388 0.269388 0.063673 0.052245 0.137959 0.086531 0.320816 
0.533137 0.034855 0.069219 0.069219 0.062347 0.117329 0.113893 
0.069787 0.282430 0.144499 0.046798 0.259442 0.092775 0.104269 
0.053908 0.028751 0.119946 0.063342 0.035040 0.544474 0.154537 
0.052579 0.080357 0.139385 0.062996 0.042163 0.375496 0.247024 
0.050133 0.028394 0.149512 0.158829 0.025288 0.494232 0.093611 
0.447741 0.029210 0.128252 0.102693 0.032405 0.220904 0.038795 
0.241617 0.022967 0.039045 0.502067 0.022967 0.093707 0.077630 
0.177518 0.036534 0.361124 0.088993 0.023419 0.243091 0.069321 
0.044015 0.141313 0.071042 0.233205 0.357529 0.076448 0.076448 
0.503996 0.035465 0.105395 0.171828 0.070430 0.042458 0.070430 
0.219716 0.053049 0.102757 0.088137 0.032581 0.143693 0.360067 
0.035096 0.093920 0.581809 0.111221 0.052397 0.062778 0.062778 
0.546167 0.027875 0.076655 0.155923 0.024826 0.107143 0.061411 
0.105042 0.052754 0.520075 0.036415 0.069094 0.108310 0.108310 
0.026267 0.035945 0.032719 0.745622 0.035945 0.026267 0.097235 
0.074830 0.021259 0.036139 0.178997 0.021259 0.184949 0.482568 
0.079417 0.026786 0.043233 0.664944 0.026786 0.066259 0.092575 
0.029657 0.023810 0.500418 0.053049 0.023810 0.327903 0.041353 
0.180758 0.167153 0.078717 0.150146 0.044704 0.279397 0.099125 
0.291113 0.038206 0.070183 0.075997 0.032392 0.105066 0.387043 
0.439941 0.066238 0.080079 0.118141 0.066238 0.190806 0.038557 
0.413561 0.040373 0.254141 0.098344 0.065735 0.047619 0.080228 
0.065387 0.144989 0.095238 0.080313 0.144989 0.045487 0.423596 
0.060388 0.041460 0.076160 0.309599 0.073006 0.404236 0.035151 
0.053147 0.021485 0.063701 0.121749 0.021485 0.045232 0.673200 
0.643343 0.027697 0.044704 0.122935 0.061710 0.051506 0.048105 
0.175092 0.185348 0.052015 0.072527 0.354579 0.052015 0.108425 
0.091409 0.073926 0.350150 0.056444 0.049451 0.336164 0.042458 
0.148496 0.141917 0.247180 0.168233 0.046523 0.148496 0.099154 
0.511713 0.055122 0.103353 0.103353 0.042260 0.087276 0.096922 
0.068323 0.160110 0.232574 0.087647 0.363009 0.048999 0.039337 
0.215071 0.204082 0.077708 0.088697 0.302983 0.055730 0.055730 
0.209168 0.034713 0.246551 0.075211 0.034713 0.346239 0.053405 
0.521924 0.033475 0.059877 0.135785 0.033475 0.175389 0.040075 
0.493810 0.057143 0.130476 0.147143 0.033810 0.103810 0.033810 
0.255824 0.058901 0.101978 0.151209 0.052747 0.280440 0.098901 
0.071914 0.054908 0.177357 0.068513 0.034500 0.446064 0.146744 
0.065191 0.022938 0.042656 0.293360 0.025755 0.129980 0.420121 
0.294286 0.200952 0.060952 0.080952 0.214286 0.080952 0.067619 
0.198587 0.242543 0.066719 0.055730 0.308477 0.044741 0.083203 
0.070432 0.177409 0.126246 0.037874 0.423920 0.051827 0.112292 
0.418538 0.047301 0.224558 0.087434 0.060678 0.107501 0.053989 
0.054250 0.047920 0.095389 0.104882 0.089060 0.538427 0.070072 
0.272307 0.087841 0.094313 0.097550 0.042534 0.165511 0.239945 
0.386579 0.032112 0.130095 0.219432 0.023466 0.109922 0.098394 
0.400476 0.033810 0.287143 0.107143 0.037143 0.053810 0.080476 
0.300729 0.039468 0.114543 0.120549 0.036465 0.336765 0.051480 
0.276512 0.040316 0.049518 0.310254 0.052585 0.126205 0.144610 
0.078175 0.036508 0.158730 0.122619 0.039286 0.478175 0.086508 
0.064111 0.244599 0.239721 0.049477 0.283624 0.064111 0.054355 
0.059817 0.335679 0.089374 0.084448 0.266714 0.114004 0.049965 
0.255971 0.066697 0.322217 0.063542 0.076160 0.170798 0.044615 
0.172637 0.124299 0.100129 0.260250 0.045749 0.223997 0.072939 
0.186521 0.033697 0.106787 0.306122 0.053631 0.166588 0.146654 
0.051827 0.144850 0.098339 0.084385 0.456478 0.112292 0.051827 
0.393728 0.064460 0.213850 0.079704 0.067509 0.119338 0.061411 
0.608877 0.055479 0.071660 0.094313 0.036061 0.058715 0.074896 
0.204365 0.320106 0.046958 0.046958 0.246032 0.070106 0.065476 
0.038906 0.187842 0.166565 0.051672 0.409119 0.089970 0.055927 
0.045338 0.024380 0.036356 0.180068 0.021386 0.057314 0.635158 
0.034994 0.066694 0.573899 0.147386 0.040758 0.098394 0.037876 
0.181696 0.044196 0.069196 0.203571 0.037946 0.084821 0.378571 
0.116801 0.094789 0.217430 0.160827 0.060198 0.160827 0.189128 
0.045345 0.045345 0.039727 0.160514 0.022873 0.438604 0.247592 
0.226045 0.076655 0.405923 0.055314 0.037021 0.125436 0.073606 
0.058726 0.029571 0.029571 0.770096 0.035402 0.049979 0.026656 
0.447649 0.037711 0.090506 0.217835 0.040816 0.093611 0.071872 
0.501978 0.040440 0.098901 0.098901 0.031209 0.157363 0.071209 
0.064472 0.028843 0.033593 0.292501 0.031218 0.059722 0.489650 
0.570990 0.055653 0.049518 0.169150 0.043383 0.058720 0.052585 
0.555653 0.049518 0.049518 0.184487 0.052585 0.067923 0.040316 
0.240068 0.038884 0.059594 0.133559 0.032967 0.417582 0.077346 
0.158804 0.340199 0.079734 0.075083 0.261130 0.042525 0.042525 
0.026812 0.026812 0.056137 0.718894 0.023879 0.079598 0.067868 
0.074534 0.200621 0.048447 0.048447 0.378882 0.061491 0.187578 
0.104668 0.307638 0.129420 0.045262 0.243281 0.084866 0.084866 
0.049305 0.239570 0.168774 0.075853 0.354614 0.044880 0.067004 
0.282176 0.049978 0.049978 0.220257 0.093322 0.226448 0.077842 
0.076479 0.222944 0.076479 0.051227 0.374459 0.157287 0.041126 
0.157287 0.248196 0.066378 0.071429 0.313853 0.051227 0.091631 
0.203346 0.261905 0.086229 0.063707 0.248391 0.063707 0.072716 
0.109618 0.381895 0.070014 0.065064 0.173975 0.094767 0.104668 
0.069328 0.152661 0.108543 0.162465 0.383053 0.088936 0.035014 
0.103175 0.163004 0.060440 0.051893 0.406593 0.120269 0.094628 
0.139550 0.130291 0.093254 0.042328 0.458995 0.102513 0.033069 
0.035521 0.022008 0.030116 0.089575 0.022008 0.084170 0.716602 
0.436090 0.050125 0.091061 0.114453 0.091061 0.123225 0.093985 
0.153815 0.048701 0.099838 0.557224 0.031656 0.054383 0.054383 
0.494268 0.071429 0.120811 0.068342 0.031305 0.065256 0.148589 
0.115023 0.051985 0.550553 0.072043 0.040524 0.117888 0.051985 
0.131533 0.055314 0.162021 0.241289 0.052265 0.277875 0.079704 
0.044994 0.026622 0.131609 0.065992 0.026622 0.583052 0.121110 
0.360880 0.046927 0.256229 0.087625 0.046927 0.128322 0.073090 
0.119048 0.086996 0.276099 0.058150 0.112637 0.224817 0.122253 
0.069283 0.155120 0.253832 0.039240 0.404047 0.043532 0.034948 
0.104412 0.046308 0.297073 0.125819 0.046308 0.330712 0.049367 
0.249700 0.067627 0.162865 0.098439 0.042417 0.297319 0.081633 
0.041353 0.038429 0.172932 0.047201 0.044277 0.477026 0.178780 
0.074965 0.104668 0.218529 0.050212 0.446252 0.065064 0.040311 
0.137378 0.025049 0.019569 0.318200 0.022309 0.052446 0.425049 
0.415854 0.030097 0.065706 0.145825 0.036032 0.139890 0.166596 
0.043142 0.034595 0.057387 0.205535 0.028897 0.211233 0.419210 
0.090226 0.179699 0.232331 0.079699 0.284962 0.084962 0.048120 
0.069173 0.232331 0.227068 0.058647 0.321805 0.037594 0.053383 
0.122015 0.039948 0.544507 0.091620 0.076422 0.067304 0.058185 
0.118825 0.134401 0.159324 0.202937 0.050289 0.280819 0.053405 
0.255369 0.088702 0.091970 0.232493 0.072362 0.186741 0.072362 
0.537711 0.043922 0.118456 0.152618 0.031500 0.074978 0.040816 
0.071248 0.035805 0.096564 0.134539 0.020615 0.511754 0.129476 
0.403265 0.071837 0.097551 0.140408 0.060408 0.094694 0.131837 
0.056217 0.403439 0.046958 0.056217 0.255291 0.056217 0.125661 
0.372508 0.041113 0.174834 0.064369 0.087625 0.206811 0.052741 
0.033929 0.221429 0.042262 0.046429 0.354762 0.133929 0.167262 
0.402875 0.061411 0.189460 0.110192 0.049216 0.091899 0.094948 
0.121088 0.121088 0.238549 0.213152 0.063946 0.149660 0.092517 
0.568470 0.047760 0.044801 0.118766 0.027050 0.038884 0.154269 
0.101935 0.026414 0.068080 0.146205 0.021205 0.578497 0.057664 
0.030395 0.132523 0.064438 0.068693 0.417629 0.217629 0.068693 
0.076506 0.299255 0.242383 0.038592 0.242383 0.057549 0.043331 
0.148337 0.033268 0.041487 0.192172 0.027789 0.044227 0.512720 
0.036352 0.219388 0.072066 0.045281 0.353316 0.045281 0.228316 
0.042797 0.093430 0.287523 0.030139 0.452080 0.047016 0.047016 
0.048510 0.126050 0.465623 0.040489 0.032468 0.198243 0.088617 
0.352081 0.026622 0.102737 0.039745 0.021372 0.100112 0.357330 
0.042439 0.398087 0.193066 0.046623 0.188882 0.096832 0.034071 
0.515985 0.051396 0.161878 0.096722 0.057062 0.071226 0.045730 
0.146145 0.064304 0.222872 0.343076 0.023383 0.161491 0.038729 
0.148233 0.029954 0.051459 0.177803 0.051459 0.298771 0.242320 
0.177922 0.137013 0.123377 0.077922 0.400649 0.041558 0.041558 
0.079365 0.020106 0.029982 0.259612 0.017637 0.081834 0.511464 
0.022188 0.052160 0.618918 0.030362 0.076684 0.144803 0.054885 
0.036866 0.077189 0.057028 0.109447 0.468318 0.125576 0.125576 
0.065781 0.265781 0.237874 0.061130 0.261130 0.056478 0.051827 
0.062872 0.039435 0.635789 0.088914 0.023810 0.055060 0.094122 
0.062030 0.290100 0.097118 0.048872 0.320802 0.040100 0.140977 
