0.337349 0.144578 0.216867 0.180723 0.120482 
0.206897 0.390805 0.114943 0.137931 0.149425 
0.216867 0.265060 0.216867 0.144578 0.156627 
0.193182 0.147727 0.295455 0.238636 0.125000 
0.264368 0.218391 0.195402 0.149425 0.172414 
0.173077 0.134615 0.173077 0.423077 0.096154 
0.175824 0.131868 0.395604 0.142857 0.153846 
0.198020 0.217822 0.188119 0.287129 0.108911 
0.333333 0.279570 0.139785 0.129032 0.118280 
0.270270 0.117117 0.360360 0.162162 0.090090 
0.352941 0.184874 0.193277 0.184874 0.084034 
0.227723 0.138614 0.227723 0.277228 0.128713 
0.230769 0.102564 0.418803 0.136752 0.111111 
0.272727 0.373737 0.121212 0.131313 0.101010 
0.198347 0.438017 0.115702 0.099174 0.148760 
0.196262 0.130841 0.130841 0.401869 0.140187 
0.142857 0.084034 0.546218 0.142857 0.084034 
0.163793 0.103448 0.146552 0.491379 0.094828 
0.162162 0.162162 0.135135 0.432432 0.108108 
0.243478 0.173913 0.295652 0.200000 0.086957 
0.240741 0.111111 0.157407 0.398148 0.092593 
0.160714 0.160714 0.160714 0.401786 0.116071 
0.170940 0.444444 0.136752 0.145299 0.102564 
0.172414 0.155172 0.137931 0.448276 0.086207 
0.196078 0.196078 0.196078 0.196078 0.215686 
0.196078 0.196078 0.196078 0.196078 0.215686 
0.310924 0.210084 0.151261 0.210084 0.117647 
0.166667 0.491667 0.091667 0.125000 0.125000 
0.158333 0.466667 0.108333 0.141667 0.125000 
0.201681 0.168067 0.168067 0.352941 0.109244 
0.355372 0.198347 0.181818 0.165289 0.099174 
0.188034 0.324786 0.162393 0.222222 0.102564 
0.344828 0.172414 0.155172 0.232759 0.094828 
0.130435 0.104348 0.104348 0.495652 0.165217 
0.167939 0.099237 0.251908 0.396947 0.083969 
0.270677 0.127820 0.383459 0.135338 0.082707 
0.319672 0.188525 0.147541 0.188525 0.155738 
0.162602 0.105691 0.178862 0.414634 0.138211 
0.219178 0.164384 0.136986 0.260274 0.219178 
0.134921 0.158730 0.174603 0.428571 0.103175 
0.147541 0.172131 0.131148 0.434426 0.114754 
0.213675 0.102564 0.376068 0.170940 0.136752 
0.291971 0.094891 0.153285 0.386861 0.072993 
0.592308 0.084615 0.138462 0.092308 0.092308 
0.169231 0.084615 0.515385 0.100000 0.130769 
0.434109 0.116279 0.217054 0.155039 0.077519 
0.246154 0.115385 0.423077 0.100000 0.115385 
0.378788 0.234848 0.143939 0.151515 0.090909 
0.223881 0.373134 0.201493 0.089552 0.111940 
0.217391 0.086957 0.188406 0.405797 0.101449 
0.098684 0.381579 0.171053 0.263158 0.085526 
0.271429 0.314286 0.121429 0.207143 0.085714 
0.330709 0.196850 0.149606 0.236220 0.086614 
0.322835 0.181102 0.133858 0.267717 0.094488 
0.173913 0.108696 0.340580 0.268116 0.108696 
0.160584 0.211679 0.167883 0.321168 0.138686 
0.213235 0.161765 0.220588 0.330882 0.073529 
0.542636 0.093023 0.155039 0.093023 0.116279 
0.245614 0.131579 0.201754 0.245614 0.175439 
0.152174 0.268116 0.086957 0.398551 0.094203 
0.157480 0.181102 0.141732 0.425197 0.094488 
0.380000 0.300000 0.126667 0.120000 0.073333 
0.272727 0.440559 0.076923 0.139860 0.069930 
0.224000 0.144000 0.264000 0.208000 0.160000 
0.250000 0.335714 0.200000 0.100000 0.114286 
0.130435 0.246377 0.260870 0.181159 0.181159 
0.181208 0.550336 0.093960 0.087248 0.087248 
0.308824 0.213235 0.183824 0.205882 0.088235 
0.170213 0.141844 0.234043 0.375887 0.078014 
0.183673 0.122449 0.204082 0.387755 0.102041 
0.141026 0.576923 0.108974 0.083333 0.089744 
0.264706 0.132353 0.139706 0.389706 0.073529 
0.213793 0.117241 0.268966 0.268966 0.131034 
0.311258 0.317881 0.125828 0.092715 0.152318 
0.357616 0.238411 0.152318 0.112583 0.139073 
0.123457 0.512346 0.080247 0.203704 0.080247 
0.157895 0.105263 0.398496 0.150376 0.187970 
0.165563 0.112583 0.278146 0.370861 0.072848 
0.145985 0.080292 0.299270 0.328467 0.145985 
0.146667 0.186667 0.126667 0.460000 0.080000 
0.322368 0.078947 0.414474 0.092105 0.092105 
0.156863 0.137255 0.137255 0.147059 0.421569 
0.119205 0.178808 0.238411 0.390728 0.072848 
0.134328 0.216418 0.111940 0.440299 0.097015 
0.129032 0.120968 0.104839 0.500000 0.145161 
0.177419 0.129032 0.403226 0.088710 0.201613 
0.212766 0.489362 0.141844 0.085106 0.070922 
0.113475 0.141844 0.177305 0.453901 0.113475 
0.155280 0.086957 0.211180 0.453416 0.093168 
0.165517 0.137931 0.213793 0.379310 0.103448 
0.270833 0.111111 0.104167 0.416667 0.097222 
0.239521 0.131737 0.323353 0.221557 0.083832 
0.289017 0.115607 0.161850 0.358382 0.075145 
0.470199 0.185430 0.165563 0.092715 0.086093 
0.110345 0.200000 0.082759 0.455172 0.151724 
0.137255 0.202614 0.222222 0.359477 0.078431 
0.132867 0.153846 0.139860 0.475524 0.097902 
0.155405 0.148649 0.121622 0.479730 0.094595 
0.139860 0.104895 0.160839 0.517483 0.076923 
0.115385 0.217949 0.121795 0.442308 0.102564 
0.118750 0.075000 0.237500 0.506250 0.062500 
0.133333 0.093333 0.500000 0.093333 0.180000 
0.225434 0.479769 0.057803 0.167630 0.069364 
0.208633 0.172662 0.172662 0.302158 0.143885 
0.132867 0.153846 0.132867 0.468531 0.111888 
0.135294 0.329412 0.323529 0.135294 0.076471 
0.186207 0.082759 0.524138 0.096552 0.110345 
0.135802 0.111111 0.370370 0.265432 0.117284 
0.112500 0.225000 0.131250 0.462500 0.068750 
0.116129 0.148387 0.103226 0.548387 0.083871 
0.385057 0.126437 0.304598 0.097701 0.086207 
0.232877 0.136986 0.280822 0.184932 0.164384 
0.235632 0.074713 0.120690 0.511494 0.057471 
0.348993 0.073826 0.181208 0.328859 0.067114 
0.116505 0.116505 0.194175 0.203883 0.368932 
0.161111 0.483333 0.138889 0.150000 0.066667 
0.162651 0.289157 0.102410 0.373494 0.072289 
0.609467 0.088757 0.159763 0.076923 0.065089 
0.277778 0.308642 0.216049 0.111111 0.086420 
0.147651 0.496644 0.120805 0.100671 0.134228 
0.145695 0.132450 0.152318 0.483444 0.086093 
0.217391 0.118012 0.273292 0.322981 0.068323 
0.128655 0.099415 0.239766 0.473684 0.058480 
0.167742 0.109677 0.187097 0.393548 0.141935 
0.261628 0.174419 0.098837 0.401163 0.063953 
0.086957 0.206522 0.141304 0.505435 0.059783 
0.577143 0.080000 0.148571 0.125714 0.068571 
0.079755 0.079755 0.705521 0.073620 0.061350 
0.368715 0.262570 0.128492 0.184358 0.055866 
0.162651 0.192771 0.138554 0.409639 0.096386 
0.152439 0.121951 0.347561 0.292683 0.085366 
0.134503 0.502924 0.070175 0.210526 0.081871 
0.271084 0.415663 0.108434 0.096386 0.108434 
0.111111 0.111111 0.128655 0.578947 0.070175 
0.145349 0.180233 0.093023 0.505814 0.075581 
0.193333 0.093333 0.400000 0.220000 0.093333 
0.226744 0.360465 0.139535 0.209302 0.063953 
0.237500 0.287500 0.162500 0.162500 0.150000 
0.288235 0.388235 0.076471 0.188235 0.058824 
0.210526 0.111111 0.438596 0.128655 0.111111 
0.129630 0.166667 0.148148 0.481481 0.074074 
0.115385 0.153846 0.108974 0.519231 0.102564 
0.275000 0.162500 0.306250 0.100000 0.156250 
0.205714 0.160000 0.251429 0.274286 0.108571 
0.222798 0.176166 0.202073 0.341969 0.056995 
0.259669 0.359116 0.104972 0.204420 0.071823 
0.348958 0.338542 0.078125 0.171875 0.062500 
0.142012 0.165680 0.130178 0.461538 0.100592 
0.098522 0.497537 0.108374 0.226601 0.068966 
0.234568 0.141975 0.129630 0.419753 0.074074 
0.586854 0.126761 0.084507 0.150235 0.051643 
0.128655 0.116959 0.245614 0.415205 0.093567 
0.276596 0.132979 0.223404 0.308511 0.058511 
0.140449 0.112360 0.308989 0.359551 0.078652 
0.142077 0.103825 0.142077 0.524590 0.087432 
0.246377 0.420290 0.101449 0.178744 0.053140 
0.445026 0.099476 0.157068 0.214660 0.083770 
0.140244 0.085366 0.542683 0.079268 0.152439 
0.109195 0.120690 0.103448 0.591954 0.074713 
0.190476 0.137566 0.349206 0.222222 0.100529 
0.160920 0.172414 0.172414 0.362069 0.132184 
0.207447 0.484043 0.090426 0.127660 0.090426 
0.164557 0.088608 0.183544 0.417722 0.145570 
0.148352 0.379121 0.104396 0.302198 0.065934 
0.202247 0.106742 0.505618 0.112360 0.073034 
0.427027 0.243243 0.156757 0.102703 0.070270 
0.130890 0.560209 0.151832 0.078534 0.078534 
0.141593 0.451327 0.207965 0.150442 0.048673 
0.170330 0.082418 0.510989 0.109890 0.126374 
0.256831 0.426230 0.092896 0.136612 0.087432 
0.275281 0.101124 0.359551 0.151685 0.112360 
0.101604 0.096257 0.197861 0.508021 0.096257 
0.174603 0.068783 0.174603 0.523810 0.058201 
0.189349 0.076923 0.142012 0.497041 0.094675 
0.178378 0.124324 0.140541 0.481081 0.075676 
0.135870 0.097826 0.184783 0.456522 0.125000 
0.116959 0.163743 0.146199 0.473684 0.099415 
0.091371 0.695431 0.065990 0.096447 0.050761 
0.157303 0.089888 0.224719 0.466292 0.061798 
0.166667 0.133333 0.108333 0.166667 0.425000 
0.293023 0.358140 0.074419 0.204651 0.069767 
0.311224 0.132653 0.112245 0.392857 0.051020 
0.090909 0.119318 0.119318 0.602273 0.068182 
0.289100 0.502370 0.075829 0.052133 0.080569 
0.217172 0.510101 0.095960 0.106061 0.070707 
0.601010 0.075758 0.146465 0.121212 0.055556 
0.284974 0.088083 0.440415 0.098446 0.088083 
0.066298 0.204420 0.193370 0.469613 0.066298 
0.068966 0.674877 0.064039 0.137931 0.054187 
0.160804 0.537688 0.090452 0.155779 0.055276 
0.255435 0.184783 0.309783 0.163043 0.086957 
0.143564 0.257426 0.099010 0.440594 0.059406 
0.212871 0.475248 0.074257 0.168317 0.069307 
0.253659 0.136585 0.092683 0.463415 0.053659 
0.139303 0.124378 0.134328 0.542289 0.059701 
0.123711 0.082474 0.582474 0.123711 0.087629 
0.162304 0.167539 0.183246 0.424084 0.062827 
0.100457 0.607306 0.063927 0.150685 0.077626 
0.099057 0.688679 0.070755 0.080189 0.061321 
0.115385 0.137363 0.225275 0.384615 0.137363 
0.263682 0.179104 0.318408 0.094527 0.144279 
0.130435 0.096618 0.135266 0.536232 0.101449 
0.091371 0.116751 0.142132 0.502538 0.147208 
0.138462 0.153846 0.092308 0.548718 0.066667 
0.224299 0.313084 0.074766 0.336449 0.051402 
0.137931 0.147783 0.295567 0.334975 0.083744 
0.063415 0.604878 0.087805 0.156098 0.087805 
0.043668 0.777293 0.061135 0.065502 0.052402 
0.584821 0.084821 0.160714 0.098214 0.071429 
0.328358 0.417910 0.104478 0.084577 0.064677 
0.158824 0.200000 0.335294 0.188235 0.117647 
0.120192 0.110577 0.110577 0.596154 0.062500 
0.117925 0.141509 0.155660 0.528302 0.056604 
0.354167 0.135417 0.312500 0.125000 0.072917 
0.291480 0.363229 0.116592 0.174888 0.053812 
0.250000 0.171296 0.074074 0.458333 0.046296 
0.434555 0.136126 0.094241 0.183246 0.151832 
0.122549 0.313725 0.102941 0.411765 0.049020 
0.282051 0.066667 0.123077 0.471795 0.056410 
0.331633 0.086735 0.209184 0.295918 0.076531 
0.101010 0.131313 0.272727 0.383838 0.111111 
0.082126 0.198068 0.082126 0.589372 0.048309 
0.434555 0.104712 0.125654 0.178010 0.157068 
0.156250 0.169643 0.138393 0.406250 0.129464 
0.146341 0.204878 0.180488 0.365854 0.102439 
0.497738 0.104072 0.230769 0.113122 0.054299 
0.207447 0.079787 0.090426 0.515957 0.106383 
0.209524 0.238095 0.142857 0.333333 0.076190 
0.289855 0.169082 0.318841 0.135266 0.086957 
0.109589 0.127854 0.091324 0.607306 0.063927 
0.312500 0.394231 0.100962 0.062500 0.129808 
0.106952 0.101604 0.491979 0.160428 0.139037 
0.397436 0.132479 0.299145 0.106838 0.064103 
0.472340 0.123404 0.251064 0.106383 0.046809 
0.220588 0.107843 0.122549 0.475490 0.073529 
0.221622 0.118919 0.297297 0.189189 0.172973 
0.273632 0.194030 0.139303 0.293532 0.099502 
0.075117 0.093897 0.516432 0.164319 0.150235 
0.176471 0.151961 0.245098 0.299020 0.127451 
0.102041 0.122449 0.362245 0.301020 0.112245 
0.524017 0.100437 0.135371 0.179039 0.061135 
0.256522 0.347826 0.143478 0.069565 0.182609 
0.104839 0.629032 0.100806 0.080645 0.084677 
0.162037 0.129630 0.092593 0.500000 0.115741 
0.096154 0.153846 0.067308 0.567308 0.115385 
0.384977 0.215962 0.131455 0.215962 0.051643 
0.142857 0.096939 0.193878 0.500000 0.066327 
0.182692 0.100962 0.471154 0.100962 0.144231 
0.263158 0.072368 0.151316 0.072368 0.440789 
0.131818 0.090909 0.372727 0.340909 0.063636 
0.157143 0.071429 0.447619 0.228571 0.095238 
0.184332 0.152074 0.069124 0.479263 0.115207 
0.242718 0.237864 0.237864 0.101942 0.179612 
0.261905 0.109524 0.219048 0.323810 0.085714 
0.134615 0.134615 0.490385 0.173077 0.067308 
0.130435 0.159420 0.140097 0.483092 0.086957 
0.161074 0.181208 0.114094 0.067114 0.476510 
0.236364 0.168182 0.186364 0.345455 0.063636 
0.112069 0.202586 0.103448 0.534483 0.047414 
0.468619 0.171548 0.150628 0.154812 0.054393 
0.123932 0.102564 0.239316 0.465812 0.068376 
0.125000 0.475962 0.076923 0.211538 0.110577 
0.535088 0.087719 0.175439 0.105263 0.096491 
0.097872 0.212766 0.187234 0.361702 0.140426 
0.228972 0.158879 0.341121 0.158879 0.112150 
0.130435 0.121739 0.104348 0.573913 0.069565 
0.325581 0.181395 0.153488 0.269767 0.069767 
0.245455 0.322727 0.177273 0.145455 0.109091 
0.146552 0.181034 0.112069 0.512931 0.047414 
0.098131 0.182243 0.252336 0.401869 0.065421 
0.070093 0.168224 0.070093 0.644860 0.046729 
0.119266 0.243119 0.100917 0.440367 0.096330 
0.176136 0.107955 0.210227 0.221591 0.284091 
0.243119 0.105505 0.449541 0.123853 0.077982 
0.270642 0.114679 0.431193 0.110092 0.073394 
0.081395 0.298450 0.065891 0.503876 0.050388 
0.191388 0.090909 0.177033 0.440191 0.100478 
0.488688 0.285068 0.085973 0.063348 0.076923 
0.216450 0.164502 0.398268 0.147186 0.073593 
0.216814 0.119469 0.141593 0.393805 0.128319 
0.128571 0.095238 0.338095 0.276190 0.161905 
0.113924 0.156118 0.160338 0.510549 0.059072 
0.454976 0.075829 0.322275 0.066351 0.080569 
0.140351 0.412281 0.078947 0.307018 0.061404 
0.255814 0.106977 0.483721 0.102326 0.051163 
0.357143 0.090476 0.361905 0.076190 0.114286 
0.137778 0.155556 0.177778 0.431111 0.097778 
0.122271 0.117904 0.148472 0.545852 0.065502 
0.129187 0.196172 0.296651 0.162679 0.215311 
0.296610 0.093220 0.406780 0.152542 0.050847 
0.497778 0.231111 0.093333 0.124444 0.053333 
0.117647 0.081448 0.135747 0.592760 0.072398 
0.185950 0.086777 0.334711 0.342975 0.049587 
0.175966 0.064378 0.210300 0.446352 0.103004 
0.192140 0.096070 0.301310 0.344978 0.065502 
0.175610 0.268293 0.087805 0.390244 0.078049 
0.204724 0.078740 0.181102 0.173228 0.362205 
0.140000 0.093333 0.260000 0.073333 0.433333 
0.628000 0.088000 0.160000 0.068000 0.056000 
0.355932 0.127119 0.101695 0.372881 0.042373 
0.179167 0.154167 0.170833 0.433333 0.062500 
0.132701 0.075829 0.336493 0.360190 0.094787 
0.061321 0.235849 0.080189 0.566038 0.056604 
0.096070 0.161572 0.069869 0.598253 0.074236 
0.117424 0.685606 0.064394 0.090909 0.041667 
0.152838 0.358079 0.187773 0.200873 0.100437 
0.490909 0.086364 0.281818 0.059091 0.081818 
0.576779 0.172285 0.086142 0.097378 0.067416 
0.144578 0.120482 0.136546 0.542169 0.056225 
0.141593 0.610619 0.075221 0.088496 0.084071 
0.122807 0.144737 0.100877 0.574561 0.057018 
0.411504 0.331858 0.141593 0.057522 0.057522 
0.241379 0.348659 0.118774 0.233716 0.057471 
0.160338 0.118143 0.075949 0.582278 0.063291 
0.164751 0.390805 0.053640 0.318008 0.072797 
0.114155 0.082192 0.579909 0.086758 0.136986 
0.111628 0.060465 0.176744 0.562791 0.088372 
0.639831 0.080508 0.080508 0.156780 0.042373 
0.210784 0.147059 0.098039 0.441176 0.102941 
0.222930 0.089172 0.133758 0.101911 0.452229 
0.163180 0.087866 0.104603 0.527197 0.117155 
0.051095 0.791971 0.043796 0.069343 0.043796 
0.470588 0.180995 0.158371 0.140271 0.049774 
0.119835 0.169421 0.202479 0.409091 0.099174 
0.507752 0.178295 0.186047 0.058140 0.069767 
0.129167 0.208333 0.179167 0.420833 0.062500 
0.164062 0.109375 0.226562 0.441406 0.058594 
0.494071 0.221344 0.110672 0.059289 0.114625 
0.239631 0.364055 0.165899 0.133641 0.096774 
0.081897 0.314655 0.176724 0.362069 0.064655 
0.210300 0.171674 0.223176 0.304721 0.090129 
0.308300 0.086957 0.134387 0.415020 0.055336 
0.148551 0.557971 0.057971 0.181159 0.054348 
0.179389 0.099237 0.129771 0.538168 0.053435 
0.167364 0.066946 0.213389 0.472803 0.079498 
0.133603 0.165992 0.319838 0.255061 0.125506 
0.081633 0.473469 0.114286 0.273469 0.057143 
0.478261 0.126482 0.256917 0.083004 0.055336 
0.152672 0.446565 0.129771 0.183206 0.087786 
0.058824 0.797794 0.047794 0.044118 0.051471 
0.078261 0.139130 0.186957 0.513043 0.082609 
0.134921 0.666667 0.055556 0.075397 0.067460 
0.127490 0.067729 0.653386 0.059761 0.091633 
0.269531 0.066406 0.101562 0.519531 0.042969 
0.112613 0.391892 0.099099 0.256757 0.139640 
0.217949 0.282051 0.256410 0.166667 0.076923 
0.167442 0.134884 0.167442 0.358140 0.172093 
0.179856 0.107914 0.143885 0.107914 0.460432 
0.189076 0.084034 0.218487 0.411765 0.096639 
0.176724 0.142241 0.116379 0.426724 0.137931 
0.612457 0.179931 0.079585 0.089965 0.038062 
0.074205 0.713781 0.060071 0.095406 0.056537 
0.161654 0.349624 0.063910 0.372180 0.052632 
0.200000 0.166667 0.096296 0.485185 0.051852 
0.117409 0.097166 0.238866 0.473684 0.072874 
0.171533 0.291971 0.087591 0.405109 0.043796 
0.200000 0.158333 0.408333 0.137500 0.095833 
0.113281 0.152344 0.128906 0.554688 0.050781 
0.145749 0.080972 0.157895 0.558704 0.056680 
0.114458 0.084337 0.084337 0.246988 0.469880 
0.209016 0.483607 0.073770 0.163934 0.069672 
0.120536 0.147321 0.464286 0.191964 0.075893 
0.109589 0.068493 0.219178 0.089041 0.513699 
0.114943 0.120690 0.149425 0.086207 0.528736 
0.185714 0.182143 0.114286 0.471429 0.046429 
0.038462 0.807692 0.032051 0.060897 0.060897 
0.385455 0.221818 0.069091 0.287273 0.036364 
0.438735 0.071146 0.312253 0.075099 0.102767 
0.306513 0.126437 0.195402 0.264368 0.107280 
0.106164 0.575342 0.133562 0.150685 0.034247 
0.088462 0.307692 0.076923 0.469231 0.057692 
0.649446 0.114391 0.140221 0.059041 0.036900 
0.150794 0.079365 0.472222 0.190476 0.107143 
0.100806 0.108871 0.254032 0.463710 0.072581 
0.222930 0.082803 0.140127 0.070064 0.484076 
0.073801 0.660517 0.055351 0.147601 0.062731 
0.118519 0.151852 0.255556 0.403704 0.070370 
0.177305 0.141844 0.074468 0.549645 0.056738 
0.201365 0.232082 0.068259 0.460751 0.037543 
0.325926 0.381481 0.059259 0.185185 0.048148 
0.114625 0.134387 0.134387 0.509881 0.106719 
0.549815 0.247232 0.073801 0.070111 0.059041 
0.405594 0.185315 0.118881 0.241259 0.048951 
0.187726 0.357401 0.057762 0.361011 0.036101 
0.250000 0.161017 0.250000 0.288136 0.050847 
0.132616 0.458781 0.075269 0.272401 0.060932 
0.126394 0.182156 0.111524 0.513011 0.066914 
0.253676 0.455882 0.091912 0.154412 0.044118 
0.155235 0.299639 0.111913 0.389892 0.043321 
0.163522 0.150943 0.088050 0.081761 0.515723 
0.575163 0.117647 0.163399 0.098039 0.045752 
0.154386 0.066667 0.547368 0.122807 0.108772 
0.551095 0.135036 0.091241 0.069343 0.153285 
0.115079 0.384921 0.186508 0.186508 0.126984 
0.118705 0.125899 0.187050 0.471223 0.097122 
0.185965 0.554386 0.091228 0.129825 0.038596 
0.069231 0.076923 0.107692 0.688462 0.057692 
0.083333 0.071429 0.220238 0.065476 0.559524 
0.167300 0.387833 0.231939 0.125475 0.087452 
0.108000 0.120000 0.104000 0.580000 0.088000 
0.098485 0.178030 0.071970 0.587121 0.064394 
0.098540 0.120438 0.569343 0.083942 0.127737 
0.089888 0.101124 0.134831 0.140449 0.533708 
0.073801 0.143911 0.099631 0.616236 0.066421 
0.089219 0.148699 0.092937 0.613383 0.055762 
0.302839 0.261830 0.160883 0.214511 0.059937 
0.078125 0.164062 0.089844 0.613281 0.054688 
0.143939 0.295455 0.079545 0.401515 0.079545 
0.106719 0.173913 0.181818 0.482213 0.055336 
0.132203 0.244068 0.054237 0.535593 0.033898 
0.132616 0.082437 0.121864 0.612903 0.050179 
0.112676 0.084507 0.098592 0.267606 0.436620 
0.387205 0.417508 0.097643 0.057239 0.040404 
0.189655 0.063218 0.149425 0.068966 0.528736 
0.100746 0.093284 0.067164 0.656716 0.082090 
0.130597 0.108209 0.048507 0.630597 0.082090 
0.138329 0.466859 0.083573 0.268012 0.043228 
0.221818 0.243636 0.174545 0.276364 0.083636 
0.149837 0.570033 0.084691 0.133550 0.061889 
0.175115 0.165899 0.161290 0.064516 0.433180 
0.059028 0.625000 0.052083 0.229167 0.034722 
0.754601 0.092025 0.064417 0.042945 0.046012 
0.127660 0.117021 0.141844 0.567376 0.046099 
0.065934 0.087912 0.087912 0.269231 0.489011 
0.167883 0.149635 0.474453 0.109489 0.098540 
0.406557 0.167213 0.265574 0.108197 0.052459 
0.181132 0.316981 0.113208 0.241509 0.147170 
0.101083 0.166065 0.083032 0.545126 0.104693 
0.408922 0.449814 0.040892 0.055762 0.044610 
0.274368 0.064982 0.353791 0.245487 0.061372 
0.575862 0.058621 0.182759 0.044828 0.137931 
0.685185 0.092593 0.055556 0.100000 0.066667 
0.194079 0.184211 0.177632 0.401316 0.042763 
0.392857 0.365079 0.138889 0.051587 0.051587 
0.669145 0.092937 0.092937 0.078067 0.066914 
0.086142 0.108614 0.142322 0.558052 0.104869 
0.453287 0.166090 0.200692 0.134948 0.044983 
0.244186 0.120155 0.372093 0.108527 0.155039 
0.184932 0.325342 0.318493 0.102740 0.068493 
0.491039 0.261649 0.114695 0.064516 0.068100 
0.484663 0.159509 0.214724 0.082822 0.058282 
0.125828 0.139073 0.178808 0.152318 0.403974 
0.193182 0.530303 0.068182 0.090909 0.117424 
0.060498 0.661922 0.049822 0.156584 0.071174 
0.118033 0.347541 0.163934 0.334426 0.036066 
0.123967 0.140496 0.371901 0.157025 0.206612 
0.246006 0.520767 0.086262 0.057508 0.089457 
0.086792 0.109434 0.098113 0.615094 0.090566 
0.301003 0.438127 0.083612 0.090301 0.086957 
0.091463 0.115854 0.158537 0.225610 0.408537 
0.111111 0.066667 0.227778 0.066667 0.527778 
0.239437 0.059859 0.355634 0.264085 0.080986 
0.078873 0.774648 0.047887 0.045070 0.053521 
0.102473 0.522968 0.081272 0.215548 0.077739 
0.075342 0.198630 0.065068 0.595890 0.065068 
0.084871 0.095941 0.169742 0.520295 0.129151 
0.107784 0.101796 0.197605 0.065868 0.526946 
0.183673 0.071429 0.086735 0.107143 0.551020 
0.105590 0.509317 0.052795 0.257764 0.074534 
0.100000 0.730000 0.063333 0.073333 0.033333 
0.150685 0.229452 0.109589 0.445205 0.065068 
0.141447 0.128289 0.470395 0.210526 0.049342 
0.072100 0.755486 0.043887 0.062696 0.065831 
0.110738 0.077181 0.164430 0.597315 0.050336 
0.505017 0.294314 0.080268 0.070234 0.050167 
0.431438 0.304348 0.090301 0.137124 0.036789 
0.226277 0.058394 0.481752 0.051095 0.182482 
0.098101 0.424051 0.088608 0.316456 0.072785 
0.550000 0.143333 0.146667 0.053333 0.106667 
0.144654 0.119497 0.163522 0.113208 0.459119 
0.197080 0.062044 0.441606 0.226277 0.072993 
0.334448 0.204013 0.167224 0.234114 0.060201 
0.077419 0.077419 0.251613 0.070968 0.522581 
0.444444 0.129630 0.175926 0.148148 0.101852 
0.150000 0.055556 0.077778 0.172222 0.544444 
0.051613 0.793548 0.041935 0.048387 0.064516 
0.090426 0.074468 0.138298 0.154255 0.542553 
0.149091 0.181818 0.269091 0.272727 0.127273 
0.340426 0.148936 0.063830 0.358663 0.088146 
0.157609 0.114130 0.086957 0.097826 0.543478 
0.129944 0.073446 0.056497 0.225989 0.514124 
0.078767 0.743151 0.058219 0.044521 0.075342 
0.089474 0.215789 0.063158 0.078947 0.552632 
0.077320 0.051546 0.242268 0.072165 0.556701 
0.107345 0.062147 0.271186 0.096045 0.463277 
0.210884 0.408163 0.166667 0.085034 0.129252 
0.279605 0.286184 0.072368 0.319079 0.042763 
0.192810 0.084967 0.369281 0.281046 0.071895 
0.544343 0.137615 0.064220 0.137615 0.116208 
0.108571 0.325714 0.080000 0.108571 0.377143 
0.175258 0.082474 0.092784 0.567010 0.082474 
0.114943 0.091954 0.212644 0.091954 0.488506 
0.575472 0.160377 0.150943 0.062893 0.050314 
0.565972 0.131944 0.128472 0.076389 0.097222 
0.493789 0.180124 0.161491 0.121118 0.043478 
0.198083 0.118211 0.121406 0.520767 0.041534 
0.125402 0.491961 0.064309 0.286174 0.032154 
0.222951 0.127869 0.393443 0.216393 0.039344 
0.194595 0.172973 0.086486 0.064865 0.481081 
0.080420 0.094406 0.101399 0.636364 0.087413 
0.298246 0.105263 0.152047 0.383041 0.061404 
0.069204 0.107266 0.629758 0.069204 0.124567 
0.185976 0.137195 0.073171 0.573171 0.030488 
0.114379 0.058824 0.611111 0.120915 0.094771 
0.058065 0.790323 0.041935 0.045161 0.064516 
0.363095 0.449405 0.041667 0.113095 0.032738 
0.078947 0.671053 0.082237 0.134868 0.032895 
0.453216 0.076023 0.394737 0.043860 0.032164 
0.231293 0.238095 0.224490 0.166667 0.139456 
0.223837 0.087209 0.081395 0.555233 0.052326 
0.200692 0.086505 0.145329 0.470588 0.096886 
0.101449 0.170290 0.239130 0.405797 0.083333 
0.194030 0.298507 0.159204 0.079602 0.268657 
0.507886 0.201893 0.097792 0.091483 0.100946 
0.129288 0.680739 0.076517 0.087071 0.026385 
0.064626 0.115646 0.071429 0.676871 0.071429 
0.107692 0.097436 0.061538 0.235897 0.497436 
0.360140 0.080420 0.370629 0.090909 0.097902 
0.197368 0.161184 0.296053 0.197368 0.148026 
0.096463 0.138264 0.128617 0.569132 0.067524 
0.067633 0.101449 0.222222 0.096618 0.512077 
0.093407 0.115385 0.087912 0.269231 0.434066 
0.348910 0.056075 0.277259 0.264798 0.052960 
0.165017 0.125413 0.099010 0.557756 0.052805 
0.136667 0.163333 0.133333 0.510000 0.056667 
0.329231 0.187692 0.116923 0.280000 0.086154 
0.527211 0.108844 0.200680 0.098639 0.064626 
0.188732 0.625352 0.081690 0.064789 0.039437 
0.080000 0.126667 0.080000 0.353333 0.360000 
0.065934 0.076923 0.142857 0.214286 0.500000 
0.055814 0.069767 0.227907 0.111628 0.534884 
0.137124 0.093645 0.304348 0.381271 0.083612 
0.553797 0.158228 0.098101 0.079114 0.110759 
0.236246 0.161812 0.177994 0.330097 0.093851 
0.115274 0.239193 0.178674 0.432277 0.034582 
0.076667 0.093333 0.316667 0.460000 0.053333 
0.297297 0.162162 0.150150 0.330330 0.060060 
0.150307 0.343558 0.085890 0.346626 0.073620 
0.508333 0.152778 0.208333 0.072222 0.058333 
0.102439 0.053659 0.312195 0.073171 0.458537 
0.157635 0.093596 0.142857 0.064039 0.541872 
0.160883 0.056782 0.378549 0.280757 0.123028 
0.223565 0.271903 0.141994 0.253776 0.108761 
0.169435 0.378738 0.136213 0.242525 0.073090 
0.148837 0.088372 0.120930 0.083721 0.558140 
0.109756 0.112805 0.265244 0.411585 0.100610 
0.080906 0.122977 0.074434 0.647249 0.074434 
0.078704 0.074074 0.097222 0.217593 0.532407 
0.127660 0.093617 0.165957 0.059574 0.553191 
0.077844 0.781437 0.050898 0.053892 0.035928 
0.112392 0.126801 0.599424 0.074928 0.086455 
0.128125 0.462500 0.121875 0.234375 0.053125 
0.191824 0.270440 0.286164 0.141509 0.110063 
0.514045 0.269663 0.098315 0.064607 0.053371 
0.155488 0.073171 0.393293 0.304878 0.073171 
0.055394 0.781341 0.049563 0.058309 0.055394 
0.186335 0.127329 0.099379 0.521739 0.065217 
0.144615 0.147692 0.113846 0.538462 0.055385 
0.121140 0.660333 0.042755 0.133017 0.042755 
0.073620 0.128834 0.079755 0.625767 0.092025 
0.076687 0.125767 0.070552 0.641104 0.085890 
0.431953 0.153846 0.130178 0.233728 0.050296 
0.065116 0.093023 0.093023 0.213953 0.534884 
0.114370 0.700880 0.052786 0.090909 0.041056 
0.108696 0.143478 0.091304 0.091304 0.565217 
0.133663 0.084158 0.173267 0.118812 0.490099 
0.110619 0.092920 0.194690 0.079646 0.522124 
0.182663 0.278638 0.074303 0.331269 0.133127 
0.156566 0.075758 0.131313 0.090909 0.545455 
0.126263 0.111111 0.090909 0.161616 0.510101 
0.090090 0.126126 0.067568 0.220721 0.495495 
0.123762 0.084158 0.158416 0.163366 0.470297 
0.240196 0.088235 0.058824 0.098039 0.514706 
0.188034 0.072650 0.094017 0.102564 0.542735 
0.148148 0.069444 0.115741 0.115741 0.550926 
0.181081 0.681081 0.045946 0.056757 0.035135 
0.169591 0.157895 0.128655 0.418129 0.125731 
0.065341 0.573864 0.113636 0.190341 0.056818 
0.092593 0.123457 0.163580 0.543210 0.077160 
0.126074 0.123209 0.512894 0.171920 0.065903 
0.234756 0.292683 0.237805 0.164634 0.070122 
0.700787 0.099738 0.110236 0.047244 0.041995 
0.156977 0.110465 0.287791 0.375000 0.069767 
0.314103 0.099359 0.320513 0.102564 0.163462 
0.072961 0.060086 0.197425 0.141631 0.527897 
0.241590 0.134557 0.412844 0.134557 0.076453 
0.327731 0.100840 0.190476 0.302521 0.078431 
0.640351 0.087719 0.166667 0.038012 0.067251 
0.079208 0.054455 0.247525 0.089109 0.529703 
0.068493 0.638356 0.057534 0.200000 0.035616 
0.154303 0.272997 0.083086 0.436202 0.053412 
0.421652 0.396011 0.079772 0.059829 0.042735 
0.084211 0.105263 0.300000 0.084211 0.426316 
0.068421 0.073684 0.263158 0.084211 0.510526 
0.100304 0.097264 0.583587 0.121581 0.097264 
0.348910 0.168224 0.158879 0.211838 0.112150 
0.192810 0.232026 0.114379 0.316993 0.143791 
0.083851 0.167702 0.124224 0.565217 0.059006 
0.577215 0.187342 0.111392 0.088608 0.035443 
0.120000 0.188571 0.131429 0.457143 0.102857 
0.111111 0.134259 0.134259 0.069444 0.550926 
0.209302 0.063953 0.194767 0.424419 0.107558 
0.220833 0.112500 0.079167 0.054167 0.533333 
0.097561 0.164634 0.216463 0.435976 0.085366 
0.165079 0.238095 0.279365 0.165079 0.152381 
0.050296 0.171598 0.062130 0.674556 0.041420 
0.609375 0.114583 0.127604 0.114583 0.033854 
0.246809 0.080851 0.076596 0.059574 0.536170 
0.099526 0.056872 0.255924 0.066351 0.521327 
0.082192 0.608219 0.068493 0.197260 0.043836 
0.098214 0.165179 0.102679 0.066964 0.566964 
0.075949 0.050633 0.291139 0.059072 0.523207 
0.256684 0.048128 0.470588 0.131016 0.093583 
0.220472 0.065617 0.139108 0.543307 0.031496 
0.087866 0.066946 0.230126 0.083682 0.531381 
0.090652 0.059490 0.192635 0.560907 0.096317 
0.227621 0.248082 0.235294 0.219949 0.069054 
0.341398 0.360215 0.051075 0.177419 0.069892 
0.086364 0.059091 0.159091 0.177273 0.518182 
0.165432 0.706173 0.041975 0.061728 0.024691 
0.122616 0.043597 0.678474 0.043597 0.111717 
0.197581 0.157258 0.060484 0.052419 0.532258 
0.065116 0.083721 0.293023 0.069767 0.488372 
0.065104 0.138021 0.679688 0.078125 0.039062 
0.065789 0.118421 0.175439 0.074561 0.565789 
0.057522 0.070796 0.269912 0.066372 0.535398 
0.114613 0.260745 0.103152 0.435530 0.085960 
0.120172 0.047210 0.145923 0.158798 0.527897 
0.087719 0.099415 0.494152 0.219298 0.099415 
0.114537 0.066079 0.211454 0.070485 0.537445 
0.130058 0.104046 0.488439 0.167630 0.109827 
0.081633 0.065306 0.097959 0.228571 0.526531 
0.128358 0.056716 0.438806 0.200000 0.176119 
0.155303 0.140152 0.106061 0.079545 0.518939 
0.744472 0.046683 0.113022 0.061425 0.034398 
0.129121 0.719780 0.046703 0.046703 0.057692 
0.132964 0.080332 0.448753 0.293629 0.044321 
0.134615 0.068681 0.120879 0.598901 0.076923 
0.095455 0.140909 0.109091 0.122727 0.531818 
0.227273 0.520455 0.102273 0.115909 0.034091 
0.204327 0.432692 0.134615 0.189904 0.038462 
0.322581 0.198925 0.091398 0.354839 0.032258 
0.527578 0.297362 0.071942 0.071942 0.031175 
0.142857 0.067227 0.168067 0.075630 0.546218 
0.498747 0.067669 0.253133 0.082707 0.097744 
0.361244 0.248804 0.098086 0.246411 0.045455 
0.091633 0.067729 0.187251 0.071713 0.581673 
0.047431 0.051383 0.292490 0.079051 0.529644 
0.080000 0.057778 0.266667 0.115556 0.480000 
0.268473 0.522167 0.061576 0.103448 0.044335 
0.209677 0.284946 0.284946 0.110215 0.110215 
0.096330 0.068807 0.123853 0.229358 0.481651 
0.160305 0.618321 0.043257 0.137405 0.040712 
0.395631 0.097087 0.298544 0.150485 0.058252 
0.320611 0.218830 0.076336 0.356234 0.027990 
0.207349 0.131234 0.107612 0.503937 0.049869 
0.685714 0.178022 0.050549 0.048352 0.037363 
0.120000 0.080000 0.188000 0.056000 0.556000 
0.200837 0.071130 0.054393 0.112971 0.560669 
0.084388 0.071730 0.168776 0.130802 0.544304 
0.414918 0.403263 0.095571 0.048951 0.037296 
0.142857 0.060606 0.129870 0.086580 0.580087 
0.060241 0.273092 0.064257 0.096386 0.506024 
0.105042 0.105042 0.130252 0.067227 0.592437 
0.120690 0.147783 0.330049 0.327586 0.073892 
0.643045 0.123360 0.049869 0.060367 0.123360 
0.074380 0.239669 0.070248 0.078512 0.537190 
0.356265 0.130221 0.083538 0.363636 0.066339 
0.167526 0.355670 0.216495 0.224227 0.036082 
0.056995 0.279793 0.049223 0.523316 0.090674 
0.558685 0.241784 0.044601 0.037559 0.117371 
0.140162 0.102426 0.199461 0.471698 0.086253 
0.118367 0.200000 0.102041 0.053061 0.526531 
0.095238 0.055556 0.063492 0.218254 0.567460 
0.090129 0.055794 0.094421 0.201717 0.557940 
0.370455 0.502273 0.052273 0.045455 0.029545 
0.162983 0.071823 0.226519 0.441989 0.096685 
0.152738 0.095101 0.391931 0.285303 0.074928 
0.093023 0.062016 0.104651 0.182171 0.558140 
0.068548 0.084677 0.076613 0.225806 0.544355 
0.074419 0.153488 0.167442 0.102326 0.502326 
0.178824 0.216471 0.294118 0.258824 0.051765 
0.069333 0.354667 0.050667 0.453333 0.072000 
0.571776 0.260341 0.043796 0.051095 0.072993 
0.478149 0.293059 0.056555 0.146530 0.025707 
0.052055 0.189041 0.235616 0.410959 0.112329 
0.081301 0.065041 0.048780 0.247967 0.556911 
0.114815 0.281481 0.237037 0.074074 0.292593 
0.427184 0.383495 0.082524 0.053398 0.053398 
0.101961 0.058824 0.133333 0.113725 0.592157 
0.149485 0.286082 0.077320 0.417526 0.069588 
0.059322 0.072034 0.135593 0.224576 0.508475 
0.243842 0.064039 0.096059 0.564039 0.032020 
0.060185 0.092593 0.337963 0.078704 0.430556 
0.069212 0.742243 0.062053 0.097852 0.028640 
0.191489 0.079787 0.454787 0.140957 0.132979 
0.201058 0.066138 0.452381 0.145503 0.134921 
0.117647 0.168449 0.171123 0.433155 0.109626 
0.477833 0.344828 0.051724 0.073892 0.051724 
0.109756 0.109756 0.490244 0.156098 0.134146 
0.595238 0.257143 0.066667 0.040476 0.040476 
0.048980 0.040816 0.322449 0.057143 0.530612 
0.061303 0.283525 0.049808 0.053640 0.551724 
0.080972 0.060729 0.218623 0.129555 0.510121 
0.069519 0.090909 0.636364 0.066845 0.136364 
0.478261 0.185355 0.155606 0.125858 0.054920 
0.230594 0.381279 0.070776 0.287671 0.029680 
0.162500 0.130000 0.222500 0.452500 0.032500 
0.078067 0.111524 0.096654 0.159851 0.553903 
0.129921 0.181102 0.043307 0.090551 0.555118 
0.081712 0.070039 0.136187 0.143969 0.568093 
0.078189 0.045267 0.255144 0.065844 0.555556 
0.082353 0.698824 0.030588 0.160000 0.028235 
0.073801 0.055351 0.088561 0.217712 0.564576 
0.098655 0.726457 0.044843 0.051570 0.078475 
0.280269 0.578475 0.053812 0.062780 0.024664 
0.044218 0.295918 0.057823 0.051020 0.551020 
0.098765 0.061728 0.205761 0.078189 0.555556 
0.098113 0.184906 0.094340 0.083019 0.539623 
0.050980 0.047059 0.050980 0.278431 0.572549 
0.075949 0.059072 0.088608 0.274262 0.502110 
0.317907 0.523139 0.046278 0.092555 0.020121 
0.166667 0.179293 0.073232 0.494949 0.085859 
0.094170 0.103139 0.130045 0.206278 0.466368 
0.453961 0.085653 0.342612 0.079229 0.038544 
0.122137 0.226463 0.106870 0.432570 0.111959 
0.081841 0.219949 0.071611 0.483376 0.143223 
0.337292 0.415677 0.071259 0.118765 0.057007 
0.112727 0.152727 0.076364 0.120000 0.538182 
0.065455 0.069091 0.069091 0.236364 0.560000 
0.177243 0.216630 0.085339 0.483589 0.037199 
0.085973 0.104072 0.217195 0.104072 0.488688 
0.046404 0.605568 0.067285 0.204176 0.076566 
0.137787 0.686848 0.091858 0.039666 0.043841 
0.072414 0.075862 0.144828 0.158621 0.548276 
0.106464 0.163498 0.110266 0.102662 0.517110 
0.098361 0.090164 0.110656 0.221311 0.479508 
0.121864 0.093190 0.064516 0.150538 0.569892 
0.265347 0.607921 0.055446 0.045545 0.025743 
0.241050 0.424821 0.140811 0.145585 0.047733 
0.192157 0.105882 0.070588 0.070588 0.560784 
0.080292 0.040146 0.058394 0.240876 0.580292 
0.195489 0.109023 0.071429 0.082707 0.541353 
0.118852 0.135246 0.081967 0.155738 0.508197 
0.191964 0.120536 0.147321 0.098214 0.441964 
0.141089 0.042079 0.534653 0.205446 0.076733 
0.490654 0.373832 0.046729 0.056075 0.032710 
0.054280 0.774530 0.037578 0.102296 0.031315 
0.097847 0.129159 0.405088 0.309198 0.058708 
0.053571 0.096429 0.082143 0.214286 0.553571 
0.166667 0.049242 0.151515 0.049242 0.583333 
0.076159 0.139073 0.059603 0.129139 0.596026 
0.093897 0.112676 0.185446 0.523474 0.084507 
0.348235 0.150588 0.131765 0.296471 0.072941 
0.165138 0.121560 0.236239 0.449541 0.027523 
0.069853 0.235294 0.055147 0.069853 0.569853 
0.090487 0.139211 0.487239 0.164733 0.118329 
0.101215 0.105263 0.060729 0.255061 0.477733 
0.076046 0.068441 0.121673 0.216730 0.517110 
0.166667 0.056818 0.128788 0.049242 0.598485 
0.109929 0.074468 0.170213 0.046099 0.599291 
0.052529 0.828794 0.033074 0.044747 0.040856 
0.124402 0.124402 0.181818 0.452153 0.117225 
0.136792 0.120283 0.195755 0.485849 0.061321 
0.127413 0.061776 0.185328 0.088803 0.536680 
0.062914 0.294702 0.052980 0.039735 0.549669 
0.051661 0.236162 0.066421 0.136531 0.509225 
0.120000 0.080000 0.477647 0.178824 0.143529 
0.207031 0.054688 0.085938 0.074219 0.578125 
0.149826 0.125436 0.069686 0.076655 0.578397 
0.571125 0.078556 0.201699 0.104034 0.044586 
0.325843 0.271910 0.202247 0.159551 0.040449 
0.168182 0.159091 0.034091 0.577273 0.061364 
0.202847 0.131673 0.049822 0.074733 0.540925 
0.140221 0.158672 0.095941 0.084871 0.520295 
0.067729 0.071713 0.131474 0.223108 0.505976 
0.071429 0.456633 0.081633 0.326531 0.063776 
0.129921 0.220472 0.090551 0.062992 0.496063 
0.107937 0.168254 0.053968 0.088889 0.580952 
0.056410 0.089744 0.087179 0.658974 0.107692 
0.070513 0.275641 0.044872 0.067308 0.541667 
0.511435 0.261954 0.120582 0.060291 0.045738 
0.088685 0.113150 0.256881 0.048930 0.492355 
0.074246 0.331787 0.046404 0.466357 0.081206 
0.122936 0.686239 0.089908 0.075229 0.025688 
0.081858 0.057522 0.601770 0.148230 0.110619 
0.108527 0.178295 0.050388 0.158915 0.503876 
0.114286 0.078571 0.507143 0.135714 0.164286 
0.094156 0.275974 0.058442 0.051948 0.519481 
0.083624 0.076655 0.055749 0.233449 0.550523 
0.075397 0.079365 0.111111 0.198413 0.535714 
0.104247 0.092664 0.173745 0.077220 0.552124 
0.090253 0.061372 0.194946 0.090253 0.563177 
0.114907 0.226708 0.037267 0.071429 0.549689 
0.043478 0.145963 0.055901 0.177019 0.577640 
0.079422 0.061372 0.234657 0.064982 0.559567 
0.620408 0.146939 0.069388 0.124490 0.038776 
0.136029 0.106618 0.080882 0.062500 0.613971 
0.055556 0.070370 0.088889 0.244444 0.540741 
0.048936 0.759574 0.025532 0.108511 0.057447 
0.056391 0.093985 0.067669 0.263158 0.518797 
0.207668 0.115016 0.073482 0.057508 0.546326 
0.171488 0.223140 0.090909 0.469008 0.045455 
0.149466 0.060498 0.195730 0.064057 0.530249 
0.120724 0.092555 0.225352 0.507042 0.054326 
0.127726 0.149533 0.077882 0.071651 0.573209 
0.198397 0.452906 0.028056 0.298597 0.022044 
0.125532 0.038298 0.736170 0.034043 0.065957 
0.096386 0.094378 0.134538 0.622490 0.052209 
0.067138 0.049470 0.190813 0.159011 0.533569 
0.655242 0.223790 0.036290 0.034274 0.050403 
0.114625 0.071146 0.138340 0.130435 0.545455 
0.465721 0.059102 0.087470 0.219858 0.167849 
0.375519 0.095436 0.230290 0.232365 0.066390 
0.069620 0.079114 0.234177 0.034810 0.582278 
0.047619 0.080586 0.073260 0.263736 0.534799 
0.057143 0.196825 0.079365 0.092063 0.574603 
0.046358 0.043046 0.241722 0.076159 0.592715 
0.064725 0.064725 0.187702 0.090615 0.592233 
0.130531 0.190265 0.199115 0.402655 0.077434 
0.075388 0.197339 0.086475 0.583149 0.057650 
0.087838 0.114865 0.108108 0.097973 0.591216 
0.055556 0.035948 0.271242 0.058824 0.578431 
0.155932 0.064407 0.172881 0.057627 0.549153 
0.668561 0.160985 0.087121 0.047348 0.035985 
0.097264 0.158055 0.066869 0.063830 0.613982 
0.066901 0.059859 0.056338 0.228873 0.588028 
0.210753 0.148387 0.133333 0.466667 0.040860 
0.169892 0.251613 0.152688 0.305376 0.120430 
0.111111 0.052288 0.192810 0.062092 0.581699 
0.437255 0.333333 0.098039 0.107843 0.023529 
0.127615 0.075314 0.198745 0.502092 0.096234 
0.191638 0.083624 0.108014 0.080139 0.536585 
0.036630 0.831502 0.027473 0.054945 0.049451 
0.254355 0.059233 0.052265 0.052265 0.581882 
0.288703 0.196653 0.301255 0.154812 0.058577 
0.170833 0.170833 0.081250 0.495833 0.081250 
0.104822 0.331237 0.083857 0.417191 0.062893 
0.113793 0.131034 0.037931 0.124138 0.593103 
0.059289 0.814229 0.039526 0.037549 0.049407 
0.175258 0.037801 0.178694 0.051546 0.556701 
0.083591 0.105263 0.219814 0.046440 0.544892 
0.078689 0.075410 0.065574 0.183607 0.596721 
0.104651 0.116279 0.078488 0.159884 0.540698 
0.215933 0.104822 0.161426 0.469602 0.048218 
0.057143 0.120635 0.034921 0.158730 0.628571 
0.087719 0.070175 0.115789 0.147368 0.578947 
0.053691 0.040268 0.328859 0.063758 0.513423 
0.059006 0.201863 0.102484 0.090062 0.546584 
0.059603 0.056291 0.258278 0.049669 0.576159 
0.074675 0.259740 0.068182 0.045455 0.551948 
0.174757 0.126214 0.067961 0.042071 0.588997 
0.126280 0.153584 0.068259 0.078498 0.573379 
0.169884 0.415058 0.061776 0.320463 0.032819 
0.220307 0.249042 0.145594 0.323755 0.061303 
0.044266 0.810865 0.048290 0.044266 0.052314 
0.085034 0.047619 0.302721 0.061224 0.503401 
0.093548 0.064516 0.193548 0.045161 0.603226 
0.105442 0.081633 0.098639 0.081633 0.632653 
0.094771 0.111111 0.055556 0.150327 0.588235 
0.126280 0.054608 0.167235 0.088737 0.563140 
0.195833 0.185417 0.150000 0.400000 0.068750 
0.067616 0.053381 0.081851 0.284698 0.512456 
0.058480 0.061404 0.257310 0.043860 0.578947 
0.091778 0.657744 0.066922 0.160612 0.022945 
0.281046 0.045752 0.104575 0.035948 0.532680 
0.056478 0.049834 0.282392 0.066445 0.544850 
0.491071 0.387500 0.030357 0.035714 0.055357 
0.188867 0.151093 0.105368 0.508946 0.045726 
