0.132530 0.180723 0.132530 0.144578 0.409639 
0.160920 0.126437 0.149425 0.379310 0.183908 
0.216867 0.156627 0.168675 0.313253 0.144578 
0.250000 0.250000 0.125000 0.147727 0.227273 
0.183908 0.160920 0.172414 0.218391 0.264368 
0.134615 0.384615 0.096154 0.221154 0.163462 
0.406593 0.164835 0.153846 0.131868 0.142857 
0.207921 0.267327 0.099010 0.217822 0.207921 
0.150538 0.139785 0.118280 0.258065 0.333333 
0.306306 0.216216 0.090090 0.108108 0.279279 
0.193277 0.201681 0.092437 0.168067 0.344538 
0.247525 0.277228 0.128713 0.128713 0.217822 
0.427350 0.170940 0.111111 0.119658 0.170940 
0.131313 0.131313 0.101010 0.373737 0.262626 
0.107438 0.107438 0.140496 0.404959 0.239669 
0.168224 0.383178 0.140187 0.168224 0.140187 
0.537815 0.142857 0.084034 0.100840 0.134454 
0.181034 0.431034 0.086207 0.137931 0.163793 
0.126126 0.450450 0.099099 0.189189 0.135135 
0.304348 0.295652 0.095652 0.139130 0.165217 
0.194444 0.351852 0.101852 0.129630 0.222222 
0.223214 0.410714 0.116071 0.125000 0.125000 
0.136752 0.170940 0.102564 0.470085 0.119658 
0.172414 0.456897 0.086207 0.112069 0.172414 
0.196078 0.196078 0.215686 0.196078 0.196078 
0.196078 0.196078 0.215686 0.196078 0.196078 
0.151261 0.218487 0.117647 0.210084 0.302521 
0.133333 0.133333 0.125000 0.491667 0.116667 
0.116667 0.100000 0.125000 0.491667 0.166667 
0.126050 0.352941 0.117647 0.243697 0.159664 
0.157025 0.157025 0.090909 0.231405 0.363636 
0.210084 0.193277 0.100840 0.294118 0.201681 
0.146552 0.198276 0.094828 0.189655 0.370690 
0.156522 0.452174 0.173913 0.104348 0.113043 
0.343511 0.343511 0.083969 0.106870 0.122137 
0.345865 0.187970 0.082707 0.120301 0.263158 
0.204918 0.188525 0.139344 0.204918 0.262295 
0.178862 0.406504 0.146341 0.113821 0.154472 
0.164384 0.260274 0.273973 0.150685 0.150685 
0.182540 0.444444 0.095238 0.158730 0.119048 
0.131148 0.524590 0.114754 0.131148 0.098361 
0.418803 0.136752 0.136752 0.102564 0.205128 
0.145985 0.350365 0.072993 0.124088 0.306569 
0.146154 0.092308 0.092308 0.100000 0.569231 
0.461538 0.176923 0.130769 0.100000 0.130769 
0.209302 0.170543 0.093023 0.124031 0.403101 
0.453846 0.100000 0.115385 0.084615 0.246154 
0.143939 0.174242 0.090909 0.212121 0.378788 
0.194030 0.119403 0.111940 0.402985 0.171642 
0.202899 0.449275 0.101449 0.101449 0.144928 
0.171053 0.164474 0.072368 0.434211 0.157895 
0.178571 0.235714 0.078571 0.285714 0.221429 
0.141732 0.244094 0.094488 0.165354 0.354331 
0.125984 0.220472 0.094488 0.181102 0.377953 
0.369565 0.340580 0.108696 0.072464 0.108696 
0.211679 0.313869 0.138686 0.226277 0.109489 
0.191176 0.272059 0.073529 0.176471 0.286765 
0.139535 0.116279 0.108527 0.116279 0.519380 
0.228070 0.201754 0.166667 0.175439 0.228070 
0.079710 0.391304 0.101449 0.253623 0.173913 
0.141732 0.488189 0.102362 0.149606 0.118110 
0.273333 0.073333 0.073333 0.253333 0.326667 
0.090909 0.118881 0.069930 0.426573 0.293706 
0.224000 0.232000 0.160000 0.144000 0.240000 
0.178571 0.128571 0.114286 0.257143 0.321429 
0.166667 0.239130 0.181159 0.289855 0.123188 
0.107383 0.100671 0.087248 0.496644 0.208054 
0.161765 0.183824 0.080882 0.242647 0.330882 
0.205674 0.319149 0.078014 0.120567 0.276596 
0.197279 0.401361 0.102041 0.102041 0.197279 
0.121795 0.064103 0.089744 0.634615 0.089744 
0.147059 0.448529 0.073529 0.095588 0.235294 
0.213793 0.303448 0.124138 0.124138 0.234483 
0.165563 0.132450 0.152318 0.344371 0.205298 
0.152318 0.099338 0.132450 0.198675 0.417219 
0.086420 0.185185 0.080247 0.481481 0.166667 
0.383459 0.187970 0.187970 0.097744 0.142857 
0.238411 0.410596 0.079470 0.125828 0.145695 
0.379562 0.270073 0.145985 0.087591 0.116788 
0.120000 0.406667 0.073333 0.186667 0.213333 
0.453947 0.078947 0.085526 0.072368 0.309211 
0.175926 0.138889 0.435185 0.101852 0.148148 
0.192053 0.377483 0.092715 0.211921 0.125828 
0.134328 0.432836 0.097015 0.171642 0.164179 
0.128788 0.454545 0.204545 0.106061 0.106061 
0.435484 0.104839 0.193548 0.120968 0.145161 
0.113475 0.099291 0.070922 0.510638 0.205674 
0.226950 0.382979 0.113475 0.177305 0.099291 
0.198758 0.459627 0.086957 0.086957 0.167702 
0.289655 0.303448 0.089655 0.151724 0.165517 
0.090278 0.444444 0.090278 0.125000 0.250000 
0.347305 0.185629 0.083832 0.107784 0.275449 
0.150289 0.364162 0.075145 0.150289 0.260116 
0.119205 0.105960 0.086093 0.198675 0.490066 
0.089655 0.468966 0.158621 0.165517 0.117241 
0.241830 0.267974 0.078431 0.267974 0.143791 
0.139860 0.503497 0.097902 0.146853 0.111888 
0.135135 0.472973 0.094595 0.128378 0.168919 
0.132867 0.489510 0.090909 0.132867 0.153846 
0.121795 0.493590 0.102564 0.179487 0.102564 
0.193750 0.500000 0.062500 0.100000 0.143750 
0.473333 0.113333 0.180000 0.086667 0.146667 
0.069364 0.138728 0.069364 0.508671 0.213873 
0.187050 0.309353 0.151079 0.187050 0.165468 
0.139860 0.426573 0.111888 0.174825 0.146853 
0.323529 0.152941 0.088235 0.252941 0.182353 
0.537931 0.124138 0.117241 0.082759 0.137931 
0.364198 0.271605 0.117284 0.080247 0.166667 
0.093750 0.512500 0.081250 0.200000 0.112500 
0.090323 0.548387 0.070968 0.161290 0.129032 
0.281609 0.103448 0.091954 0.132184 0.390805 
0.308219 0.164384 0.164384 0.164384 0.198630 
0.189655 0.408046 0.057471 0.103448 0.241379 
0.208054 0.308725 0.067114 0.073826 0.342282 
0.154545 0.190909 0.381818 0.109091 0.163636 
0.105556 0.144444 0.066667 0.500000 0.183333 
0.114458 0.439759 0.078313 0.234940 0.132530 
0.142012 0.094675 0.059172 0.071006 0.633136 
0.265432 0.160494 0.086420 0.234568 0.253086 
0.154362 0.120805 0.134228 0.436242 0.154362 
0.145695 0.516556 0.086093 0.112583 0.139073 
0.291925 0.385093 0.068323 0.118012 0.136646 
0.239766 0.485380 0.058480 0.076023 0.140351 
0.225806 0.387097 0.135484 0.090323 0.161290 
0.145349 0.354651 0.063953 0.168605 0.267442 
0.135870 0.527174 0.059783 0.195652 0.081522 
0.148571 0.125714 0.074286 0.091429 0.560000 
0.650307 0.098160 0.061350 0.073620 0.116564 
0.122905 0.178771 0.061453 0.234637 0.402235 
0.132530 0.445783 0.096386 0.120482 0.204819 
0.359756 0.298780 0.085366 0.128049 0.128049 
0.058480 0.169591 0.081871 0.590643 0.099415 
0.114458 0.084337 0.096386 0.421687 0.283133 
0.140351 0.555556 0.076023 0.111111 0.116959 
0.116279 0.482558 0.069767 0.215116 0.116279 
0.394737 0.243421 0.085526 0.072368 0.203947 
0.110465 0.191860 0.063953 0.348837 0.284884 
0.183908 0.160920 0.183908 0.287356 0.183908 
0.082353 0.158824 0.058824 0.441176 0.258824 
0.438596 0.128655 0.111111 0.122807 0.198830 
0.129630 0.481481 0.080247 0.154321 0.154321 
0.108974 0.570513 0.102564 0.121795 0.096154 
0.343750 0.093750 0.150000 0.143750 0.268750 
0.262857 0.251429 0.108571 0.171429 0.205714 
0.295337 0.238342 0.056995 0.139896 0.269430 
0.104972 0.154696 0.071823 0.359116 0.309392 
0.109375 0.130208 0.062500 0.432292 0.265625 
0.106509 0.449704 0.094675 0.230769 0.118343 
0.133005 0.275862 0.068966 0.433498 0.088670 
0.129630 0.506173 0.074074 0.129630 0.160494 
0.098592 0.211268 0.046948 0.117371 0.525822 
0.251462 0.409357 0.099415 0.116959 0.122807 
0.202128 0.265957 0.058511 0.186170 0.287234 
0.297753 0.370787 0.078652 0.112360 0.140449 
0.103825 0.535519 0.087432 0.092896 0.180328 
0.101449 0.154589 0.053140 0.420290 0.270531 
0.172775 0.188482 0.078534 0.146597 0.413613 
0.591463 0.079268 0.146341 0.091463 0.091463 
0.143678 0.477011 0.074713 0.132184 0.172414 
0.354497 0.216931 0.100529 0.174603 0.153439 
0.178161 0.465517 0.132184 0.103448 0.120690 
0.101064 0.132979 0.085106 0.521277 0.159574 
0.132911 0.449367 0.145570 0.113924 0.158228 
0.093407 0.340659 0.065934 0.335165 0.164835 
0.500000 0.117978 0.067416 0.101124 0.213483 
0.129730 0.129730 0.064865 0.221622 0.454054 
0.162304 0.073298 0.089005 0.570681 0.104712 
0.228070 0.140351 0.043860 0.385965 0.201754 
0.565934 0.093407 0.126374 0.093407 0.120879 
0.125683 0.114754 0.087432 0.415301 0.256831 
0.342697 0.162921 0.123596 0.117978 0.252809 
0.213904 0.454545 0.096257 0.144385 0.090909 
0.153439 0.576720 0.068783 0.068783 0.132275 
0.176796 0.458564 0.149171 0.071823 0.143646 
0.124324 0.491892 0.075676 0.081081 0.227027 
0.152174 0.402174 0.130435 0.141304 0.173913 
0.152047 0.502924 0.105263 0.128655 0.111111 
0.060914 0.055838 0.050761 0.766497 0.065990 
0.191011 0.471910 0.061798 0.095506 0.179775 
0.100000 0.150000 0.458333 0.158333 0.133333 
0.065116 0.195349 0.069767 0.348837 0.320930 
0.122449 0.408163 0.051020 0.132653 0.285714 
0.113636 0.534091 0.068182 0.181818 0.102273 
0.071090 0.056872 0.085308 0.563981 0.222749 
0.080808 0.085859 0.070707 0.545455 0.217172 
0.101010 0.136364 0.055556 0.075758 0.631313 
0.419689 0.103627 0.093264 0.082902 0.300518 
0.182320 0.497238 0.066298 0.154696 0.099448 
0.064039 0.147783 0.054187 0.660099 0.073892 
0.090452 0.130653 0.055276 0.542714 0.180905 
0.331522 0.152174 0.103261 0.168478 0.244565 
0.094059 0.376238 0.059406 0.326733 0.143564 
0.089109 0.207921 0.079208 0.420792 0.202970 
0.146341 0.429268 0.053659 0.160976 0.209756 
0.109453 0.587065 0.059701 0.109453 0.134328 
0.551546 0.108247 0.087629 0.097938 0.154639 
0.214660 0.418848 0.062827 0.120419 0.183246 
0.091324 0.127854 0.077626 0.630137 0.073059 
0.056604 0.056604 0.056604 0.688679 0.141509 
0.181319 0.472527 0.137363 0.120879 0.087912 
0.293532 0.139303 0.139303 0.174129 0.253731 
0.130435 0.574879 0.106280 0.111111 0.077295 
0.096447 0.532995 0.147208 0.116751 0.106599 
0.092308 0.543590 0.071795 0.128205 0.164103 
0.074766 0.285047 0.056075 0.359813 0.224299 
0.305419 0.330049 0.073892 0.157635 0.133005 
0.102439 0.170732 0.082927 0.570732 0.073171 
0.061135 0.065502 0.052402 0.777293 0.043668 
0.187500 0.142857 0.080357 0.080357 0.508929 
0.099502 0.089552 0.079602 0.412935 0.318408 
0.287293 0.154696 0.171271 0.215470 0.171271 
0.129808 0.552885 0.057692 0.110577 0.149038 
0.117925 0.485849 0.056604 0.183962 0.155660 
0.356098 0.170732 0.068293 0.121951 0.282927 
0.098655 0.179372 0.058296 0.376682 0.286996 
0.078704 0.398148 0.046296 0.217593 0.259259 
0.151832 0.172775 0.146597 0.099476 0.429319 
0.107843 0.460784 0.053922 0.210784 0.166667 
0.107692 0.497436 0.056410 0.097436 0.241026 
0.214286 0.326531 0.071429 0.091837 0.295918 
0.267677 0.383838 0.111111 0.136364 0.101010 
0.072464 0.613527 0.048309 0.169082 0.096618 
0.130890 0.157068 0.162304 0.115183 0.434555 
0.133929 0.401786 0.138393 0.178571 0.147321 
0.258537 0.404878 0.107317 0.117073 0.112195 
0.171946 0.153846 0.054299 0.095023 0.524887 
0.106383 0.531915 0.111702 0.085106 0.164894 
0.119048 0.419048 0.085714 0.180952 0.195238 
0.338164 0.111111 0.091787 0.193237 0.265700 
0.086758 0.589041 0.063927 0.155251 0.105023 
0.110577 0.067308 0.129808 0.389423 0.302885 
0.502674 0.144385 0.139037 0.106952 0.106952 
0.410256 0.102564 0.064103 0.136752 0.286325 
0.229787 0.127660 0.046809 0.131915 0.463830 
0.200980 0.436275 0.073529 0.073529 0.215686 
0.281081 0.216216 0.172973 0.156757 0.172973 
0.203980 0.218905 0.099502 0.179104 0.298507 
0.483568 0.178404 0.145540 0.098592 0.093897 
0.264706 0.333333 0.132353 0.127451 0.142157 
0.346939 0.316327 0.112245 0.112245 0.112245 
0.148472 0.170306 0.061135 0.091703 0.528384 
0.152174 0.078261 0.182609 0.321739 0.265217 
0.100806 0.080645 0.080645 0.673387 0.064516 
0.097222 0.490741 0.111111 0.166667 0.134259 
0.072115 0.562500 0.120192 0.153846 0.091346 
0.140845 0.244131 0.056338 0.140845 0.417840 
0.173469 0.494898 0.076531 0.117347 0.137755 
0.500000 0.091346 0.139423 0.125000 0.144231 
0.138365 0.075472 0.446541 0.088050 0.251572 
0.440909 0.309091 0.068182 0.072727 0.109091 
0.433333 0.185714 0.095238 0.095238 0.190476 
0.087558 0.451613 0.110599 0.147465 0.202765 
0.208738 0.092233 0.184466 0.228155 0.286408 
0.166667 0.414286 0.080952 0.100000 0.238095 
0.500000 0.153846 0.067308 0.158654 0.120192 
0.115942 0.468599 0.086957 0.188406 0.140097 
0.102564 0.089744 0.487179 0.153846 0.166667 
0.190909 0.368182 0.063636 0.145455 0.231818 
0.099138 0.534483 0.047414 0.159483 0.159483 
0.121339 0.184100 0.054393 0.179916 0.460251 
0.230769 0.410256 0.072650 0.085470 0.200855 
0.072115 0.197115 0.115385 0.490385 0.125000 
0.192982 0.122807 0.092105 0.070175 0.521930 
0.204255 0.310638 0.140426 0.246809 0.097872 
0.345794 0.168224 0.112150 0.121495 0.252336 
0.086957 0.591304 0.069565 0.100000 0.152174 
0.172093 0.255814 0.069767 0.241860 0.260465 
0.127273 0.150000 0.104545 0.286364 0.331818 
0.116379 0.556034 0.047414 0.172414 0.107759 
0.308411 0.331776 0.060748 0.149533 0.149533 
0.098131 0.588785 0.051402 0.144860 0.116822 
0.073394 0.394495 0.105505 0.275229 0.151376 
0.181818 0.210227 0.272727 0.119318 0.215909 
0.472477 0.096330 0.077982 0.091743 0.261468 
0.417431 0.119266 0.073394 0.123853 0.266055 
0.073643 0.527132 0.050388 0.263566 0.085271 
0.162679 0.488038 0.100478 0.095694 0.153110 
0.131222 0.063348 0.081448 0.298643 0.425339 
0.359307 0.203463 0.073593 0.138528 0.225108 
0.181416 0.389381 0.123894 0.092920 0.212389 
0.404762 0.233333 0.161905 0.109524 0.090476 
0.177215 0.510549 0.054852 0.164557 0.092827 
0.322275 0.075829 0.080569 0.061611 0.459716 
0.057018 0.324561 0.061404 0.421053 0.135965 
0.455814 0.111628 0.051163 0.116279 0.265116 
0.376190 0.095238 0.114286 0.085714 0.328571 
0.186667 0.444444 0.088889 0.173333 0.106667 
0.183406 0.497817 0.065502 0.126638 0.126638 
0.301435 0.129187 0.229665 0.215311 0.124402 
0.377119 0.186441 0.050847 0.067797 0.317797 
0.084444 0.093333 0.048889 0.262222 0.511111 
0.140271 0.615385 0.067873 0.085973 0.090498 
0.347107 0.351240 0.049587 0.115702 0.136364 
0.227468 0.437768 0.098712 0.068670 0.167382 
0.270742 0.375546 0.065502 0.096070 0.192140 
0.078049 0.346341 0.078049 0.321951 0.175610 
0.186567 0.141791 0.395522 0.104478 0.171642 
0.248408 0.082803 0.458599 0.095541 0.114650 
0.180000 0.052000 0.056000 0.064000 0.648000 
0.101695 0.487288 0.042373 0.067797 0.300847 
0.137500 0.508333 0.062500 0.162500 0.129167 
0.350711 0.293839 0.094787 0.099526 0.161137 
0.080189 0.514151 0.061321 0.245283 0.099057 
0.109170 0.563319 0.078603 0.165939 0.082969 
0.056818 0.117424 0.037879 0.678030 0.109848 
0.174672 0.213974 0.104803 0.375546 0.131004 
0.263636 0.081818 0.086364 0.100000 0.468182 
0.116105 0.059925 0.067416 0.172285 0.584270 
0.172691 0.473896 0.056225 0.128514 0.168675 
0.048673 0.053097 0.084071 0.650442 0.163717 
0.153509 0.513158 0.052632 0.144737 0.135965 
0.101770 0.092920 0.053097 0.327434 0.424779 
0.095785 0.252874 0.053640 0.329502 0.268199 
0.092827 0.637131 0.063291 0.097046 0.109705 
0.061303 0.283525 0.072797 0.406130 0.176245 
0.602740 0.100457 0.136986 0.077626 0.082192 
0.167442 0.567442 0.088372 0.069767 0.106977 
0.067797 0.169492 0.042373 0.076271 0.644068 
0.107843 0.475490 0.102941 0.147059 0.166667 
0.109756 0.103659 0.475610 0.109756 0.201220 
0.096234 0.531381 0.117155 0.062762 0.192469 
0.047445 0.047445 0.043796 0.806569 0.054745 
0.144796 0.126697 0.045249 0.262443 0.420814 
0.148760 0.462810 0.095041 0.169421 0.123967 
0.139535 0.069767 0.073643 0.124031 0.593023 
0.162500 0.454167 0.062500 0.237500 0.083333 
0.175781 0.531250 0.054688 0.093750 0.144531 
0.118577 0.083004 0.106719 0.252964 0.438735 
0.211982 0.133641 0.101382 0.331797 0.221198 
0.206897 0.375000 0.064655 0.254310 0.099138 
0.261803 0.347639 0.077253 0.145923 0.167382 
0.142292 0.442688 0.051383 0.094862 0.268775 
0.079710 0.213768 0.047101 0.550725 0.108696 
0.133588 0.530534 0.041985 0.106870 0.187023 
0.209205 0.489540 0.075314 0.066946 0.158996 
0.336032 0.206478 0.141700 0.190283 0.125506 
0.093878 0.334694 0.057143 0.436735 0.077551 
0.169960 0.067194 0.055336 0.193676 0.513834 
0.122137 0.171756 0.091603 0.419847 0.194656 
0.044118 0.047794 0.051471 0.805147 0.051471 
0.139130 0.552174 0.086957 0.104348 0.117391 
0.047619 0.087302 0.063492 0.646825 0.154762 
0.641434 0.087649 0.091633 0.071713 0.107570 
0.101562 0.582031 0.042969 0.054688 0.218750 
0.108108 0.234234 0.144144 0.423423 0.090090 
0.282051 0.115385 0.102564 0.222222 0.277778 
0.195349 0.362791 0.162791 0.106977 0.172093 
0.157534 0.116438 0.493151 0.095890 0.136986 
0.235294 0.399160 0.105042 0.147059 0.113445 
0.133621 0.387931 0.137931 0.181034 0.159483 
0.103806 0.124567 0.038062 0.173010 0.560554 
0.053004 0.084806 0.063604 0.731449 0.067138 
0.082707 0.409774 0.048872 0.315789 0.142857 
0.125926 0.481481 0.048148 0.174074 0.170370 
0.255061 0.469636 0.076923 0.085020 0.113360 
0.091241 0.423358 0.043796 0.302920 0.138686 
0.387500 0.145833 0.095833 0.133333 0.237500 
0.156250 0.503906 0.058594 0.167969 0.113281 
0.133603 0.530364 0.060729 0.093117 0.182186 
0.126506 0.234940 0.463855 0.078313 0.096386 
0.057377 0.159836 0.081967 0.500000 0.200820 
0.369099 0.223176 0.107296 0.210300 0.090129 
0.215686 0.084967 0.522876 0.071895 0.104575 
0.165746 0.088398 0.530387 0.099448 0.116022 
0.096429 0.446429 0.046429 0.200000 0.210714 
0.041667 0.051282 0.057692 0.791667 0.057692 
0.083636 0.200000 0.036364 0.254545 0.425455 
0.276680 0.067194 0.106719 0.063241 0.486166 
0.168582 0.264368 0.111111 0.107280 0.348659 
0.047945 0.219178 0.034247 0.534247 0.164384 
0.080769 0.476923 0.057692 0.284615 0.100000 
0.147601 0.107011 0.036900 0.062731 0.645756 
0.448413 0.178571 0.107143 0.111111 0.154762 
0.189516 0.532258 0.072581 0.100806 0.104839 
0.164634 0.073171 0.487805 0.067073 0.207317 
0.047970 0.158672 0.062731 0.675277 0.055351 
0.240741 0.425926 0.077778 0.133333 0.122222 
0.053191 0.531915 0.063830 0.148936 0.202128 
0.061433 0.474403 0.037543 0.204778 0.221843 
0.059259 0.166667 0.048148 0.396296 0.329630 
0.142292 0.533597 0.110672 0.114625 0.098814 
0.110701 0.059041 0.059041 0.261993 0.509225 
0.132867 0.241259 0.048951 0.139860 0.437063 
0.072202 0.303249 0.036101 0.382671 0.205776 
0.258475 0.266949 0.055085 0.152542 0.266949 
0.114695 0.286738 0.064516 0.422939 0.111111 
0.104089 0.475836 0.066914 0.226766 0.126394 
0.073529 0.180147 0.044118 0.466912 0.235294 
0.101083 0.433213 0.043321 0.252708 0.169675 
0.114458 0.078313 0.518072 0.132530 0.156627 
0.120915 0.147059 0.039216 0.068627 0.624183 
0.554386 0.084211 0.105263 0.066667 0.189474 
0.080292 0.062044 0.142336 0.142336 0.572993 
0.150794 0.210317 0.134921 0.432540 0.071429 
0.179856 0.482014 0.104317 0.115108 0.118705 
0.077193 0.115789 0.038596 0.607018 0.161404 
0.107692 0.642308 0.057692 0.096154 0.096154 
0.240000 0.074286 0.560000 0.057143 0.068571 
0.193916 0.102662 0.098859 0.380228 0.224335 
0.104000 0.516000 0.100000 0.128000 0.152000 
0.064394 0.575758 0.064394 0.215909 0.079545 
0.558394 0.091241 0.135036 0.120438 0.094891 
0.129730 0.162162 0.540541 0.070270 0.097297 
0.092251 0.575646 0.066421 0.202952 0.062731 
0.092937 0.568773 0.055762 0.200743 0.081784 
0.116719 0.211356 0.063091 0.242902 0.365931 
0.061303 0.624521 0.068966 0.176245 0.068966 
0.079545 0.401515 0.079545 0.265152 0.174242 
0.162055 0.501976 0.055336 0.177866 0.102767 
0.064407 0.532203 0.033898 0.223729 0.145763 
0.129032 0.559140 0.050179 0.064516 0.197133 
0.087248 0.268456 0.463087 0.087248 0.093960 
0.087542 0.050505 0.040404 0.468013 0.353535 
0.165746 0.071823 0.546961 0.055249 0.160221 
0.059701 0.638060 0.082090 0.093284 0.126866 
0.089552 0.593284 0.082090 0.108209 0.126866 
0.057637 0.270893 0.046110 0.507205 0.118156 
0.225455 0.272727 0.083636 0.229091 0.189091 
0.097720 0.146580 0.055375 0.579805 0.120521 
0.120536 0.053571 0.450893 0.205357 0.169643 
0.048611 0.201389 0.034722 0.649306 0.065972 
0.079755 0.049080 0.052147 0.073620 0.745399 
0.166667 0.510638 0.046099 0.081560 0.195035 
0.093407 0.274725 0.483516 0.076923 0.071429 
0.421053 0.115789 0.112281 0.203509 0.147368 
0.229508 0.068852 0.052459 0.226230 0.422951 
0.128302 0.256604 0.135849 0.290566 0.188679 
0.090253 0.545126 0.101083 0.166065 0.097473 
0.055762 0.063197 0.040892 0.498141 0.342007 
0.476534 0.281588 0.064982 0.046931 0.129964 
0.215753 0.058219 0.136986 0.054795 0.534247 
0.077778 0.088889 0.070370 0.081481 0.681481 
0.174342 0.404605 0.046053 0.213816 0.161184 
0.119048 0.095238 0.043651 0.325397 0.416667 
0.070632 0.052045 0.066914 0.092937 0.717472 
0.112360 0.516854 0.104869 0.119850 0.146067 
0.162630 0.148789 0.044983 0.134948 0.508651 
0.360153 0.095785 0.149425 0.099617 0.295019 
0.297945 0.130137 0.068493 0.315068 0.188356 
0.132616 0.057348 0.064516 0.250896 0.494624 
0.190184 0.049080 0.061350 0.220859 0.478528 
0.139241 0.139241 0.430380 0.107595 0.183544 
0.087121 0.083333 0.109848 0.545455 0.174242 
0.064057 0.160142 0.074733 0.629893 0.071174 
0.160656 0.288525 0.039344 0.380328 0.131148 
0.406250 0.117188 0.234375 0.140625 0.101562 
0.143770 0.067093 0.086262 0.424920 0.277955 
0.116981 0.611321 0.090566 0.090566 0.090566 
0.113712 0.083612 0.086957 0.401338 0.314381 
0.175439 0.216374 0.438596 0.099415 0.070175 
0.240642 0.058824 0.524064 0.058824 0.117647 
0.366197 0.221831 0.088028 0.102113 0.221831 
0.044818 0.053221 0.056022 0.787115 0.058824 
0.081272 0.197880 0.088339 0.533569 0.098940 
0.078767 0.582192 0.058219 0.198630 0.082192 
0.180812 0.501845 0.125461 0.084871 0.107011 
0.178161 0.057471 0.540230 0.126437 0.097701 
0.098522 0.093596 0.576355 0.098522 0.133005 
0.034161 0.341615 0.074534 0.456522 0.093168 
0.076667 0.063333 0.033333 0.736667 0.090000 
0.123288 0.383562 0.065068 0.239726 0.188356 
0.411184 0.207237 0.049342 0.154605 0.177632 
0.050157 0.087774 0.065831 0.686520 0.109718 
0.161074 0.553691 0.050336 0.063758 0.171141 
0.056856 0.150502 0.050167 0.254181 0.488294 
0.073579 0.110368 0.036789 0.304348 0.474916 
0.459854 0.080292 0.178832 0.047445 0.233577 
0.075949 0.325949 0.069620 0.471519 0.056962 
0.113333 0.040000 0.110000 0.140000 0.596667 
0.126506 0.144578 0.487952 0.114458 0.126506 
0.463504 0.229927 0.076642 0.083942 0.145985 
0.170569 0.254181 0.060201 0.163880 0.351171 
0.228395 0.080247 0.555556 0.061728 0.074074 
0.156522 0.243478 0.113043 0.121739 0.365217 
0.074866 0.149733 0.561497 0.080214 0.133690 
0.032258 0.051613 0.067742 0.790323 0.058065 
0.148718 0.174359 0.533333 0.066667 0.076923 
0.276364 0.276364 0.130909 0.174545 0.141818 
0.075988 0.416413 0.085106 0.133739 0.288754 
0.109948 0.089005 0.544503 0.109948 0.146597 
0.076087 0.206522 0.505435 0.070652 0.141304 
0.044521 0.071918 0.078767 0.722603 0.082192 
0.055838 0.060914 0.563452 0.238579 0.081218 
0.263682 0.064677 0.547264 0.059701 0.064677 
0.288043 0.081522 0.483696 0.059783 0.086957 
0.142857 0.112245 0.136054 0.438776 0.170068 
0.059211 0.286184 0.042763 0.266447 0.345395 
0.366013 0.297386 0.071895 0.078431 0.186275 
0.110092 0.113150 0.134557 0.128440 0.513761 
0.114286 0.062857 0.394286 0.314286 0.114286 
0.096220 0.567010 0.085911 0.116838 0.134021 
0.220994 0.093923 0.502762 0.077348 0.104972 
0.141509 0.062893 0.047170 0.141509 0.606918 
0.163194 0.076389 0.100694 0.118056 0.541667 
0.201863 0.121118 0.037267 0.173913 0.465839 
0.124601 0.536741 0.041534 0.115016 0.182109 
0.073955 0.340836 0.032154 0.418006 0.135048 
0.380328 0.219672 0.039344 0.095082 0.265574 
0.078125 0.057292 0.494792 0.166667 0.203125 
0.101399 0.615385 0.080420 0.122378 0.080420 
0.105263 0.353801 0.061404 0.163743 0.315789 
0.612457 0.062284 0.124567 0.069204 0.131488 
0.073171 0.591463 0.030488 0.158537 0.146341 
0.630719 0.120915 0.094771 0.071895 0.081699 
0.038710 0.051613 0.064516 0.800000 0.045161 
0.056548 0.127976 0.032738 0.494048 0.288690 
0.052632 0.161184 0.032895 0.648026 0.105263 
0.485380 0.061404 0.035088 0.058480 0.359649 
0.187075 0.187075 0.142857 0.173469 0.309524 
0.107558 0.526163 0.049419 0.110465 0.206395 
0.110727 0.553633 0.100346 0.076125 0.159170 
0.250000 0.449275 0.083333 0.130435 0.086957 
0.158654 0.086538 0.293269 0.307692 0.153846 
0.107256 0.107256 0.104101 0.189274 0.492114 
0.076517 0.089710 0.026385 0.709763 0.097625 
0.081633 0.666667 0.074830 0.095238 0.081633 
0.084158 0.227723 0.534653 0.099010 0.054455 
0.325175 0.122378 0.097902 0.080420 0.374126 
0.273026 0.230263 0.134868 0.197368 0.164474 
0.112540 0.598071 0.067524 0.115756 0.106109 
0.265700 0.062802 0.507246 0.096618 0.067633 
0.105820 0.248677 0.455026 0.095238 0.095238 
0.308411 0.236760 0.052960 0.074766 0.327103 
0.092409 0.547855 0.056106 0.118812 0.184818 
0.146667 0.536667 0.056667 0.130000 0.130000 
0.126154 0.292308 0.083077 0.209231 0.289231 
0.183673 0.074830 0.074830 0.115646 0.551020 
0.053521 0.081690 0.039437 0.580282 0.245070 
0.114650 0.299363 0.401274 0.095541 0.089172 
0.111111 0.195767 0.513228 0.100529 0.079365 
0.202703 0.103604 0.549550 0.058559 0.085586 
0.274247 0.401338 0.080268 0.120401 0.123746 
0.113924 0.063291 0.110759 0.145570 0.566456 
0.126214 0.368932 0.097087 0.174757 0.233010 
0.207493 0.426513 0.034582 0.213256 0.118156 
0.300000 0.450000 0.053333 0.103333 0.093333 
0.156156 0.327327 0.060060 0.153153 0.303303 
0.107362 0.349693 0.070552 0.355828 0.116564 
0.183333 0.075000 0.061111 0.144444 0.536111 
0.312195 0.068293 0.487805 0.058537 0.073171 
0.157143 0.061905 0.552381 0.071429 0.157143 
0.359621 0.318612 0.129338 0.088328 0.104101 
0.117825 0.262840 0.120846 0.253776 0.244713 
0.129568 0.235880 0.066445 0.375415 0.192691 
0.117117 0.094595 0.581081 0.103604 0.103604 
0.298780 0.381098 0.103659 0.088415 0.128049 
0.061489 0.650485 0.074434 0.119741 0.093851 
0.062780 0.219731 0.556054 0.071749 0.089686 
0.169421 0.057851 0.557851 0.078512 0.136364 
0.047904 0.059880 0.029940 0.754491 0.107784 
0.610951 0.086455 0.083573 0.103746 0.115274 
0.121875 0.234375 0.059375 0.450000 0.134375 
0.327044 0.147799 0.103774 0.254717 0.166667 
0.070225 0.078652 0.053371 0.286517 0.511236 
0.405488 0.298780 0.073171 0.076220 0.146341 
0.037901 0.067055 0.052478 0.763848 0.078717 
0.108696 0.524845 0.065217 0.136646 0.164596 
0.135385 0.513846 0.052308 0.150769 0.147692 
0.054632 0.118765 0.042755 0.615202 0.168646 
0.061350 0.622699 0.085890 0.131902 0.098160 
0.061350 0.653374 0.085890 0.128834 0.070552 
0.097633 0.248521 0.050296 0.150888 0.452663 
0.076577 0.211712 0.554054 0.081081 0.076577 
0.073314 0.046921 0.041056 0.730205 0.108504 
0.079498 0.083682 0.585774 0.142259 0.108787 
0.162679 0.119617 0.507177 0.086124 0.124402 
0.193133 0.081545 0.536481 0.090129 0.098712 
0.083591 0.291022 0.130031 0.278638 0.216718 
0.107317 0.102439 0.575610 0.068293 0.146341 
0.092683 0.204878 0.512195 0.092683 0.097561 
0.099099 0.184685 0.500000 0.103604 0.112613 
0.133971 0.167464 0.464115 0.100478 0.133971 
0.071090 0.094787 0.502370 0.071090 0.260664 
0.082988 0.099585 0.560166 0.074689 0.182573 
0.125561 0.121076 0.569507 0.058296 0.125561 
0.054054 0.056757 0.029730 0.691892 0.167568 
0.178363 0.429825 0.122807 0.166667 0.102339 
0.122159 0.187500 0.059659 0.548295 0.082386 
0.169753 0.515432 0.080247 0.166667 0.067901 
0.584527 0.126074 0.065903 0.108883 0.114613 
0.219512 0.167683 0.070122 0.307927 0.234756 
0.125984 0.044619 0.041995 0.086614 0.700787 
0.311047 0.366279 0.069767 0.148256 0.104651 
0.342949 0.089744 0.169872 0.076923 0.320513 
0.183333 0.125000 0.541667 0.050000 0.100000 
0.376147 0.140673 0.079511 0.128440 0.275229 
0.179272 0.316527 0.078431 0.114846 0.310924 
0.157895 0.055556 0.061404 0.084795 0.640351 
0.253589 0.076555 0.545455 0.062201 0.062201 
0.035616 0.189041 0.035616 0.665753 0.073973 
0.121662 0.403561 0.056380 0.270030 0.148368 
0.076923 0.062678 0.048433 0.441595 0.370370 
0.274112 0.071066 0.446701 0.131980 0.076142 
0.294416 0.081218 0.512690 0.060914 0.050761 
0.577508 0.100304 0.103343 0.109422 0.109422 
0.233645 0.174455 0.115265 0.186916 0.289720 
0.143791 0.294118 0.143791 0.202614 0.215686 
0.155280 0.540373 0.055901 0.183230 0.065217 
0.139241 0.103797 0.035443 0.182278 0.539241 
0.185714 0.417143 0.102857 0.191429 0.102857 
0.130045 0.049327 0.573991 0.116592 0.130045 
0.206395 0.406977 0.104651 0.066860 0.215116 
0.080972 0.052632 0.558704 0.105263 0.202429 
0.198171 0.439024 0.085366 0.118902 0.158537 
0.244444 0.209524 0.158730 0.200000 0.187302 
0.062678 0.660969 0.054131 0.165242 0.056980 
0.127604 0.122396 0.033854 0.122396 0.593750 
0.061983 0.053719 0.537190 0.066116 0.280992 
0.307339 0.064220 0.500000 0.050459 0.077982 
0.057534 0.238356 0.043836 0.589041 0.071233 
0.090909 0.073593 0.580087 0.138528 0.116883 
0.262295 0.057377 0.557377 0.053279 0.069672 
0.427807 0.120321 0.098930 0.061497 0.291444 
0.167979 0.564304 0.031496 0.062992 0.173228 
0.247967 0.056911 0.560976 0.069106 0.065041 
0.198300 0.521246 0.093484 0.099150 0.087819 
0.191816 0.232737 0.069054 0.278772 0.227621 
0.053763 0.177419 0.069892 0.327957 0.370968 
0.118943 0.215859 0.537445 0.061674 0.066079 
0.038835 0.075243 0.024272 0.701456 0.160194 
0.651226 0.054496 0.111717 0.046322 0.136240 
0.047059 0.047059 0.564706 0.152941 0.188235 
0.261261 0.072072 0.500000 0.108108 0.058559 
0.625000 0.098958 0.036458 0.127604 0.111979 
0.123404 0.068085 0.570213 0.127660 0.110638 
0.223176 0.077253 0.553648 0.072961 0.072961 
0.126074 0.383954 0.085960 0.260745 0.143266 
0.166667 0.145833 0.541667 0.050000 0.095833 
0.532164 0.169591 0.102339 0.111111 0.084795 
0.209402 0.072650 0.551282 0.064103 0.102564 
0.485549 0.153179 0.112717 0.124277 0.124277 
0.111111 0.198413 0.535714 0.067460 0.087302 
0.441791 0.194030 0.173134 0.065672 0.125373 
0.095941 0.062731 0.564576 0.136531 0.140221 
0.115479 0.051597 0.034398 0.073710 0.724816 
0.052198 0.060440 0.057692 0.673077 0.156593 
0.415512 0.313019 0.044321 0.105263 0.121884 
0.101648 0.631868 0.074176 0.076923 0.115385 
0.136564 0.114537 0.555066 0.114537 0.079295 
0.100000 0.050000 0.034091 0.600000 0.215909 
0.079327 0.233173 0.033654 0.425481 0.228365 
0.086022 0.370968 0.034946 0.247312 0.260753 
0.064748 0.062350 0.033573 0.297362 0.541966 
0.163265 0.077551 0.551020 0.057143 0.151020 
0.270677 0.060150 0.097744 0.072682 0.498747 
0.107656 0.227273 0.045455 0.253589 0.366029 
0.166667 0.069767 0.585271 0.069767 0.108527 
0.280769 0.088462 0.542308 0.042308 0.046154 
0.262931 0.094828 0.491379 0.073276 0.077586 
0.044335 0.076355 0.046798 0.504926 0.327586 
0.319892 0.077957 0.107527 0.293011 0.201613 
0.102222 0.235556 0.493333 0.053333 0.115556 
0.063613 0.139949 0.040712 0.572519 0.183206 
0.218447 0.201456 0.058252 0.128641 0.393204 
0.091603 0.312977 0.027990 0.249364 0.318066 
0.125984 0.535433 0.052493 0.136483 0.149606 
0.057143 0.050549 0.035165 0.208791 0.648352 
0.171206 0.058366 0.583658 0.066148 0.120623 
0.065041 0.089431 0.573171 0.081301 0.191057 
0.147541 0.114754 0.557377 0.061475 0.118852 
0.065268 0.069930 0.037296 0.419580 0.407925 
0.100840 0.067227 0.567227 0.079832 0.184874 
0.062500 0.070312 0.527344 0.273438 0.066406 
0.146939 0.081633 0.604082 0.093878 0.073469 
0.342365 0.327586 0.071429 0.118227 0.140394 
0.049608 0.060052 0.120104 0.148825 0.621410 
0.096386 0.064257 0.546185 0.236948 0.056225 
0.085995 0.326781 0.063882 0.127764 0.395577 
0.193299 0.234536 0.038660 0.317010 0.216495 
0.062176 0.518135 0.090674 0.251295 0.077720 
0.046948 0.035211 0.110329 0.246479 0.561033 
0.204852 0.471698 0.083558 0.115903 0.123989 
0.075397 0.055556 0.543651 0.222222 0.103175 
0.065637 0.193050 0.575290 0.073359 0.092664 
0.075000 0.220833 0.562500 0.062500 0.079167 
0.038636 0.063636 0.029545 0.504545 0.363636 
0.284530 0.430939 0.096685 0.071823 0.116022 
0.438040 0.273775 0.074928 0.103746 0.109510 
0.113208 0.188679 0.584906 0.056604 0.056604 
0.056452 0.241935 0.568548 0.072581 0.060484 
0.193694 0.121622 0.500000 0.103604 0.081081 
0.324706 0.258824 0.049412 0.117647 0.249412 
0.053333 0.410667 0.074667 0.381333 0.080000 
0.031630 0.038929 0.072993 0.262774 0.593674 
0.038560 0.159383 0.025707 0.308483 0.467866 
0.219178 0.435616 0.109589 0.145205 0.090411 
0.059289 0.260870 0.549407 0.059289 0.071146 
0.173913 0.061594 0.311594 0.275362 0.177536 
0.097087 0.055825 0.055825 0.405340 0.385922 
0.110687 0.103053 0.606870 0.064885 0.114504 
0.072165 0.443299 0.069588 0.273196 0.141753 
0.135802 0.230453 0.514403 0.061728 0.057613 
0.142857 0.539409 0.032020 0.103448 0.182266 
0.354260 0.071749 0.439462 0.089686 0.044843 
0.052506 0.081146 0.028640 0.756563 0.081146 
0.468085 0.146277 0.130319 0.098404 0.156915 
0.500000 0.113757 0.132275 0.058201 0.195767 
0.144385 0.454545 0.106952 0.152406 0.141711 
0.054187 0.073892 0.054187 0.334975 0.482759 
0.480488 0.146341 0.131707 0.131707 0.109756 
0.076190 0.042857 0.040476 0.233333 0.607143 
0.293651 0.047619 0.555556 0.047619 0.055556 
0.037313 0.048507 0.570896 0.283582 0.059701 
0.244094 0.110236 0.519685 0.055118 0.070866 
0.652406 0.064171 0.141711 0.085561 0.056150 
0.144165 0.125858 0.054920 0.203661 0.471396 
0.054795 0.257991 0.029680 0.426941 0.230594 
0.242500 0.475000 0.032500 0.105000 0.145000 
0.119565 0.159420 0.557971 0.105072 0.057971 
0.045977 0.080460 0.582375 0.160920 0.130268 
0.125000 0.140152 0.594697 0.060606 0.079545 
0.252000 0.052000 0.572000 0.044000 0.080000 
0.040000 0.157647 0.030588 0.680000 0.091765 
0.050179 0.254480 0.577061 0.053763 0.064516 
0.040359 0.051570 0.071749 0.760090 0.076233 
0.060538 0.026906 0.024664 0.576233 0.311659 
0.049834 0.049834 0.558140 0.305648 0.036545 
0.216000 0.068000 0.568000 0.076000 0.072000 
0.102941 0.077206 0.540441 0.180147 0.099265 
0.057252 0.270992 0.572519 0.057252 0.041985 
0.090164 0.290984 0.504098 0.057377 0.057377 
0.046278 0.088531 0.020121 0.561368 0.283702 
0.075758 0.542929 0.088384 0.143939 0.148990 
0.152174 0.147826 0.473913 0.121739 0.104348 
0.361884 0.074946 0.038544 0.096360 0.428266 
0.091603 0.455471 0.111959 0.188295 0.152672 
0.109974 0.462916 0.138107 0.194373 0.094629 
0.061758 0.099762 0.054632 0.415677 0.368171 
0.078014 0.145390 0.539007 0.106383 0.131206 
0.090909 0.229091 0.574545 0.058182 0.047273 
0.054705 0.498906 0.037199 0.236324 0.172867 
0.192982 0.122807 0.482456 0.100877 0.100877 
0.071926 0.174014 0.074246 0.638051 0.041763 
0.106472 0.060543 0.045929 0.640919 0.146138 
0.120690 0.186207 0.568966 0.075862 0.048276 
0.151852 0.062963 0.574074 0.122222 0.088889 
0.112000 0.220000 0.488000 0.104000 0.076000 
0.087413 0.171329 0.583916 0.062937 0.094406 
0.061386 0.047525 0.023762 0.572277 0.295050 
0.147971 0.176611 0.050119 0.324582 0.300716 
0.061069 0.068702 0.595420 0.095420 0.179389 
0.099644 0.195730 0.594306 0.056940 0.053381 
0.080586 0.069597 0.534799 0.076923 0.238095 
0.063745 0.171315 0.505976 0.131474 0.127490 
0.151515 0.108225 0.450216 0.069264 0.220779 
0.576733 0.180693 0.076733 0.054455 0.111386 
0.049065 0.042056 0.030374 0.387850 0.490654 
0.037578 0.070981 0.027140 0.789144 0.075157 
0.477011 0.270115 0.065134 0.114943 0.072797 
0.059233 0.184669 0.588850 0.108014 0.059233 
0.151292 0.059041 0.583026 0.062731 0.143911 
0.106796 0.080906 0.601942 0.139159 0.071197 
0.171362 0.535211 0.082160 0.089202 0.122066 
0.105882 0.284706 0.065882 0.209412 0.334118 
0.266055 0.440367 0.027523 0.123853 0.142202 
0.035842 0.093190 0.562724 0.247312 0.060932 
0.466357 0.176334 0.122970 0.148492 0.085847 
0.062992 0.220472 0.515748 0.118110 0.082677 
0.100000 0.229630 0.529630 0.062963 0.077778 
0.117647 0.051471 0.599265 0.055147 0.176471 
0.134948 0.072664 0.608997 0.062284 0.121107 
0.029183 0.035019 0.040856 0.832685 0.062257 
0.227273 0.430622 0.114833 0.133971 0.093301 
0.271226 0.433962 0.061321 0.120283 0.113208 
0.131579 0.060150 0.541353 0.060150 0.206767 
0.055016 0.045307 0.553398 0.284790 0.061489 
0.064748 0.147482 0.517986 0.215827 0.053957 
0.444706 0.162353 0.150588 0.089412 0.152941 
0.098859 0.087452 0.589354 0.060837 0.163498 
0.051020 0.098639 0.591837 0.125850 0.132653 
0.195329 0.091295 0.044586 0.097665 0.571125 
0.193258 0.137079 0.042697 0.260674 0.366292 
0.052273 0.581818 0.063636 0.138636 0.163636 
0.045139 0.093750 0.562500 0.107639 0.190972 
0.118705 0.093525 0.535971 0.147482 0.104317 
0.162791 0.189922 0.519380 0.065891 0.062016 
0.091837 0.308673 0.063776 0.446429 0.089286 
0.084291 0.057471 0.551724 0.172414 0.134100 
0.077640 0.099379 0.618012 0.145963 0.059006 
0.066667 0.658974 0.110256 0.107692 0.056410 
0.068966 0.047022 0.557994 0.260188 0.065831 
0.124740 0.043659 0.041580 0.234927 0.555094 
0.236527 0.056886 0.502994 0.110778 0.092814 
0.046404 0.422274 0.083527 0.394432 0.053364 
0.067890 0.051376 0.027523 0.717431 0.135780 
0.603982 0.101770 0.108407 0.090708 0.095133 
0.052830 0.166038 0.516981 0.177358 0.086792 
0.496599 0.149660 0.170068 0.081633 0.102041 
0.060317 0.053968 0.530159 0.273016 0.082540 
0.075085 0.221843 0.549488 0.064846 0.088737 
0.100386 0.216216 0.548263 0.081081 0.054054 
0.150376 0.082707 0.567669 0.093985 0.105263 
0.200704 0.070423 0.588028 0.084507 0.056338 
0.045593 0.045593 0.550152 0.224924 0.133739 
0.057751 0.173252 0.592705 0.127660 0.048632 
0.253521 0.052817 0.556338 0.063380 0.073944 
0.093878 0.124490 0.038776 0.134694 0.608163 
0.068100 0.068100 0.627240 0.125448 0.111111 
0.111913 0.220217 0.559567 0.050542 0.057762 
0.034043 0.123404 0.053191 0.740426 0.048936 
0.051282 0.289377 0.534799 0.069597 0.054945 
0.068750 0.062500 0.581250 0.106250 0.181250 
0.072314 0.446281 0.043388 0.245868 0.192149 
0.159722 0.065972 0.524306 0.062500 0.187500 
0.203219 0.537223 0.054326 0.074447 0.130785 
0.070122 0.057927 0.588415 0.155488 0.128049 
0.034068 0.220441 0.024048 0.529058 0.192385 
0.689362 0.038298 0.065957 0.040426 0.165957 
0.125000 0.638889 0.059524 0.113095 0.063492 
0.217241 0.137931 0.551724 0.044828 0.048276 
0.038306 0.038306 0.048387 0.213710 0.661290 
0.153846 0.115385 0.576923 0.053846 0.100000 
0.104019 0.219858 0.165485 0.054374 0.456265 
0.230290 0.215768 0.064315 0.091286 0.398340 
0.226006 0.049536 0.582043 0.083591 0.058824 
0.100000 0.217857 0.557143 0.060714 0.064286 
0.074534 0.077640 0.586957 0.195652 0.065217 
0.229773 0.074434 0.588997 0.055016 0.051780 
0.164557 0.145570 0.604430 0.044304 0.041139 
0.196903 0.349558 0.081858 0.196903 0.174779 
0.077605 0.616408 0.062084 0.161863 0.082040 
0.128713 0.079208 0.610561 0.105611 0.075908 
0.268371 0.054313 0.578275 0.038339 0.060703 
0.165563 0.052980 0.559603 0.069536 0.152318 
0.087121 0.047348 0.028409 0.128788 0.708333 
0.074405 0.077381 0.610119 0.151786 0.086310 
0.082474 0.202749 0.601375 0.065292 0.048110 
0.144086 0.458065 0.043011 0.137634 0.217204 
0.169892 0.290323 0.120430 0.264516 0.154839 
0.191693 0.054313 0.594249 0.047923 0.111821 
0.100000 0.107843 0.025490 0.356863 0.409804 
0.198745 0.479079 0.096234 0.106695 0.119247 
0.071672 0.071672 0.522184 0.075085 0.259386 
0.025641 0.051282 0.049451 0.836996 0.036630 
0.040816 0.037415 0.585034 0.057823 0.278912 
0.305439 0.182008 0.058577 0.177824 0.276151 
0.058333 0.527083 0.083333 0.154167 0.177083 
0.067086 0.438155 0.062893 0.339623 0.092243 
0.050505 0.107744 0.592593 0.121212 0.127946 
0.037549 0.065217 0.049407 0.798419 0.049407 
0.157718 0.073826 0.577181 0.050336 0.140940 
0.154545 0.063636 0.548485 0.109091 0.124242 
0.092357 0.175159 0.601911 0.070064 0.060510 
0.065527 0.168091 0.547009 0.091168 0.128205 
0.165618 0.436059 0.044025 0.096436 0.257862 
0.037267 0.152174 0.639752 0.114907 0.055901 
0.150685 0.136986 0.599315 0.047945 0.065068 
0.314754 0.078689 0.511475 0.039344 0.055738 
0.118541 0.082067 0.541033 0.212766 0.045593 
0.255663 0.045307 0.585761 0.055016 0.058252 
0.038095 0.057143 0.565079 0.247619 0.092063 
0.072785 0.031646 0.607595 0.107595 0.180380 
0.056667 0.050000 0.610000 0.150000 0.133333 
0.057915 0.368726 0.034749 0.359073 0.179537 
0.176245 0.300766 0.061303 0.266284 0.195402 
0.032193 0.036217 0.054326 0.814889 0.062374 
0.308970 0.059801 0.501661 0.053156 0.076412 
0.179811 0.059937 0.618297 0.041009 0.100946 
0.116279 0.083056 0.634551 0.066445 0.099668 
0.063898 0.124601 0.587859 0.143770 0.079872 
0.170000 0.080000 0.566667 0.066667 0.116667 
0.181250 0.397917 0.070833 0.175000 0.175000 
0.100694 0.253472 0.513889 0.065972 0.065972 
0.260116 0.034682 0.580925 0.075145 0.049133 
0.047801 0.183556 0.022945 0.619503 0.126195 
0.092652 0.044728 0.543131 0.057508 0.261981 
0.272727 0.058442 0.558442 0.045455 0.064935 
0.030357 0.030357 0.057143 0.387500 0.494643 
0.091451 0.463221 0.045726 0.188867 0.210736 
