0.127175 0.127175 0.091031 0.066934 0.187416 0.091031 0.091031 0.091031 0.127175 
0.328225 0.063857 0.121328 0.098340 0.086845 0.098340 0.075351 0.063857 0.063857 
0.151272 0.078983 0.078983 0.078983 0.139224 0.115127 0.127175 0.103079 0.127175 
0.063131 0.165404 0.097222 0.074495 0.176768 0.085859 0.176768 0.063131 0.097222 
0.144317 0.109834 0.121328 0.086845 0.144317 0.132822 0.086845 0.075351 0.098340 
0.091880 0.370726 0.072650 0.053419 0.101496 0.111111 0.072650 0.053419 0.072650 
0.083028 0.072039 0.105006 0.083028 0.137973 0.072039 0.225885 0.083028 0.137973 
0.183718 0.064906 0.124312 0.055006 0.114411 0.094609 0.055006 0.055006 0.253025 
0.167264 0.081243 0.124253 0.070490 0.231780 0.124253 0.081243 0.059737 0.059737 
0.050050 0.086086 0.059059 0.050050 0.266266 0.077077 0.248248 0.059059 0.104104 
0.113912 0.063492 0.105509 0.046685 0.273576 0.097106 0.088702 0.063492 0.147526 
0.064906 0.064906 0.104510 0.064906 0.154015 0.084708 0.124312 0.074807 0.262926 
0.073124 0.064577 0.064577 0.073124 0.132953 0.047483 0.397911 0.047483 0.098765 
0.349046 0.076319 0.066218 0.056117 0.126824 0.116723 0.086420 0.056117 0.066218 
0.426079 0.070707 0.054178 0.078972 0.054178 0.112029 0.045914 0.078972 0.078972 
0.079958 0.313603 0.070613 0.089304 0.089304 0.051921 0.117342 0.061267 0.126687 
0.055089 0.097106 0.097106 0.046685 0.097106 0.055089 0.424837 0.046685 0.080299 
0.056513 0.134100 0.082375 0.047893 0.073755 0.056513 0.082375 0.047893 0.418582 
0.059059 0.167167 0.131131 0.059059 0.086086 0.104104 0.104104 0.059059 0.230230 
0.135266 0.161353 0.057005 0.048309 0.109179 0.074396 0.265700 0.057005 0.091787 
0.051440 0.079218 0.079218 0.060700 0.181070 0.060700 0.060700 0.051440 0.375514 
0.058532 0.076389 0.112103 0.067460 0.067460 0.067460 0.094246 0.067460 0.388889 
0.346629 0.081671 0.081671 0.064577 0.081671 0.167142 0.073124 0.047483 0.056030 
0.047893 0.453065 0.065134 0.047893 0.073755 0.108238 0.065134 0.056513 0.082375 
0.108932 0.108932 0.108932 0.128540 0.108932 0.108932 0.108932 0.108932 0.108932 
0.108932 0.108932 0.108932 0.108932 0.108932 0.108932 0.108932 0.128540 0.108932 
0.097106 0.046685 0.088702 0.046685 0.214753 0.155929 0.063492 0.080299 0.206349 
0.421296 0.071296 0.062963 0.054630 0.071296 0.112963 0.054630 0.104630 0.046296 
0.396296 0.062963 0.071296 0.071296 0.071296 0.137963 0.071296 0.062963 0.054630 
0.130719 0.256769 0.055089 0.055089 0.139122 0.088702 0.063492 0.080299 0.130719 
0.120294 0.095500 0.078972 0.062443 0.310376 0.070707 0.103765 0.045914 0.112029 
0.265173 0.122316 0.164332 0.055089 0.088702 0.122316 0.063492 0.055089 0.063492 
0.065134 0.168582 0.090996 0.056513 0.228927 0.108238 0.125479 0.047893 0.108238 
0.048309 0.161353 0.100483 0.048309 0.065700 0.083092 0.074396 0.135266 0.283092 
0.050042 0.065310 0.072943 0.042409 0.072943 0.080577 0.172180 0.042409 0.401187 
0.049290 0.124478 0.079365 0.041771 0.252297 0.064327 0.267335 0.049290 0.071846 
0.070128 0.176685 0.193078 0.053734 0.078324 0.143898 0.086521 0.102914 0.094718 
0.061427 0.053297 0.085818 0.069557 0.077687 0.085818 0.118338 0.085818 0.362240 
0.144597 0.089802 0.117199 0.103501 0.089802 0.076104 0.076104 0.185693 0.117199 
0.052028 0.393298 0.059965 0.044092 0.083774 0.123457 0.099647 0.059965 0.083774 
0.078324 0.266849 0.078324 0.070128 0.078324 0.111111 0.070128 0.061931 0.184882 
0.047483 0.056030 0.338082 0.098765 0.073124 0.047483 0.158594 0.056030 0.124406 
0.098946 0.077048 0.084347 0.047851 0.150041 0.077048 0.047851 0.040552 0.376318 
0.104274 0.058120 0.081197 0.050427 0.488889 0.050427 0.065812 0.050427 0.050427 
0.050427 0.050427 0.088889 0.065812 0.111966 0.042735 0.465812 0.073504 0.050427 
0.043066 0.050818 0.407407 0.043066 0.136090 0.097330 0.074074 0.050818 0.097330 
0.042735 0.065812 0.104274 0.073504 0.135043 0.050427 0.396581 0.058120 0.073504 
0.307239 0.110269 0.095118 0.057239 0.079966 0.148148 0.057239 0.057239 0.087542 
0.220564 0.056385 0.086235 0.086235 0.213101 0.101161 0.131012 0.041459 0.063847 
0.076490 0.185185 0.061997 0.054750 0.112721 0.047504 0.069243 0.054750 0.337359 
0.306287 0.115497 0.082602 0.049708 0.076023 0.089181 0.082602 0.036550 0.161550 
0.153968 0.175397 0.246825 0.039683 0.111111 0.111111 0.068254 0.046825 0.046825 
0.067367 0.209099 0.114611 0.043745 0.232721 0.114611 0.090989 0.051619 0.075241 
0.090989 0.169729 0.098863 0.051619 0.264217 0.138233 0.067367 0.051619 0.067367 
0.105475 0.177939 0.054750 0.047504 0.047504 0.054750 0.250403 0.069243 0.192432 
0.201135 0.040552 0.062449 0.084347 0.055150 0.157340 0.098946 0.062449 0.237632 
0.129085 0.062908 0.084967 0.040850 0.180556 0.099673 0.121732 0.040850 0.239379 
0.112834 0.050818 0.120586 0.050818 0.337640 0.050818 0.050818 0.081826 0.143842 
0.092593 0.075049 0.224172 0.092593 0.127680 0.083821 0.092593 0.075049 0.136452 
0.105475 0.119968 0.083736 0.061997 0.090982 0.163446 0.047504 0.040258 0.286634 
0.067367 0.437445 0.075241 0.051619 0.098863 0.075241 0.067367 0.051619 0.075241 
0.343704 0.050370 0.063704 0.037037 0.257037 0.063704 0.070370 0.043704 0.070370 
0.066822 0.108780 0.122766 0.038850 0.080808 0.437451 0.059829 0.038850 0.045843 
0.052444 0.140444 0.076444 0.092444 0.188444 0.052444 0.172444 0.068444 0.156444 
0.375397 0.075397 0.082540 0.082540 0.132540 0.061111 0.089683 0.039683 0.061111 
0.061997 0.156200 0.040258 0.076490 0.083736 0.185185 0.185185 0.119968 0.090982 
0.379567 0.037286 0.097688 0.037286 0.097688 0.198359 0.043997 0.057420 0.050708 
0.246732 0.070261 0.114379 0.040850 0.180556 0.099673 0.099673 0.055556 0.092320 
0.096139 0.067770 0.039401 0.039401 0.103231 0.089046 0.145784 0.046493 0.372734 
0.092215 0.099017 0.092215 0.058201 0.071807 0.058201 0.078609 0.058201 0.391534 
0.221510 0.035613 0.035613 0.035613 0.067664 0.413818 0.099715 0.054843 0.035613 
0.077614 0.084967 0.092320 0.040850 0.158497 0.048203 0.055556 0.040850 0.401144 
0.052107 0.114176 0.203831 0.052107 0.086590 0.065900 0.107280 0.079693 0.238314 
0.354673 0.069904 0.076527 0.089772 0.096394 0.136130 0.043414 0.083149 0.050037 
0.222222 0.069904 0.083149 0.076527 0.248712 0.136130 0.043414 0.063282 0.056659 
0.207133 0.176269 0.040466 0.052812 0.077503 0.324417 0.040466 0.046639 0.034294 
0.041771 0.056809 0.207185 0.116959 0.116959 0.049290 0.109440 0.079365 0.222222 
0.063282 0.069904 0.175865 0.043414 0.050037 0.069904 0.116262 0.036792 0.374540 
0.055150 0.120843 0.091646 0.069749 0.062449 0.047851 0.230333 0.091646 0.230333 
0.197037 0.170370 0.063704 0.037037 0.083704 0.063704 0.070370 0.050370 0.263704 
0.108918 0.049708 0.108918 0.049708 0.148392 0.056287 0.358918 0.043129 0.076023 
0.079218 0.088477 0.106996 0.162551 0.051440 0.051440 0.106996 0.292181 0.060700 
0.122884 0.142752 0.136130 0.036792 0.096394 0.089772 0.050037 0.050037 0.275202 
0.041459 0.407131 0.056385 0.048922 0.101161 0.123549 0.063847 0.056385 0.101161 
0.042088 0.284512 0.057239 0.087542 0.072391 0.057239 0.064815 0.117845 0.216330 
0.093190 0.052867 0.060932 0.117384 0.085125 0.052867 0.367384 0.093190 0.077061 
0.053586 0.046493 0.124507 0.039401 0.145784 0.436564 0.067770 0.039401 0.046493 
0.089046 0.464933 0.039401 0.060678 0.046493 0.060678 0.110323 0.060678 0.067770 
0.090407 0.065562 0.065562 0.053140 0.053140 0.046929 0.084196 0.034507 0.506556 
0.045211 0.148659 0.052107 0.072797 0.141762 0.079693 0.217625 0.045211 0.196935 
0.045525 0.128858 0.038580 0.045525 0.205247 0.059414 0.045525 0.052469 0.378858 
0.075183 0.075183 0.087159 0.033267 0.129075 0.063207 0.260812 0.057219 0.218896 
0.188182 0.078356 0.049454 0.032113 0.101477 0.043674 0.037893 0.055234 0.413616 
0.248712 0.043414 0.083149 0.056659 0.275202 0.069904 0.096394 0.050037 0.076527 
0.148659 0.155556 0.100383 0.045211 0.059004 0.072797 0.045211 0.107280 0.265900 
0.108206 0.310821 0.055919 0.042847 0.062455 0.082062 0.186638 0.042847 0.108206 
0.045843 0.346542 0.094794 0.059829 0.052836 0.066822 0.066822 0.052836 0.213675 
0.057808 0.355105 0.098348 0.057808 0.064565 0.105105 0.051051 0.044294 0.165916 
0.094794 0.066822 0.087801 0.045843 0.045843 0.101787 0.052836 0.038850 0.465423 
0.176638 0.125356 0.106125 0.067664 0.054843 0.067664 0.080484 0.035613 0.285613 
0.059722 0.203472 0.115972 0.034722 0.059722 0.047222 0.059722 0.034722 0.384722 
0.037037 0.063704 0.257037 0.083704 0.063704 0.043704 0.250370 0.103704 0.097037 
0.170841 0.055234 0.061015 0.043674 0.170841 0.326911 0.037893 0.032113 0.101477 
0.191047 0.039968 0.126299 0.068745 0.054357 0.075939 0.075939 0.083133 0.284572 
0.066822 0.185703 0.087801 0.059829 0.122766 0.066822 0.066822 0.059829 0.283605 
0.362092 0.056209 0.144444 0.038562 0.103268 0.062092 0.132680 0.038562 0.062092 
0.079693 0.059004 0.107280 0.052107 0.107280 0.038314 0.410728 0.072797 0.072797 
0.058985 0.052812 0.034294 0.052812 0.089849 0.052812 0.287380 0.071331 0.299726 
0.047222 0.240972 0.053472 0.034722 0.103472 0.159722 0.072222 0.034722 0.253472 
0.048746 0.416487 0.074552 0.035842 0.048746 0.068100 0.068100 0.042294 0.197133 
0.106641 0.054917 0.083653 0.043423 0.319285 0.089400 0.129630 0.054917 0.118135 
0.188737 0.085997 0.120244 0.099696 0.079148 0.085997 0.140791 0.079148 0.120244 
0.054917 0.164112 0.095147 0.031928 0.077905 0.060664 0.112388 0.031928 0.371009 
0.057420 0.070843 0.077554 0.037286 0.225205 0.043997 0.111111 0.037286 0.339299 
0.077778 0.077778 0.059596 0.186869 0.095960 0.059596 0.086869 0.223232 0.132323 
0.391975 0.091975 0.053086 0.030864 0.103086 0.169753 0.047531 0.041975 0.069753 
0.075636 0.105756 0.051539 0.033467 0.093708 0.111780 0.057564 0.045515 0.425033 
0.038790 0.062459 0.121631 0.032873 0.571335 0.044707 0.056542 0.032873 0.038790 
0.058985 0.102195 0.083676 0.052812 0.237997 0.182442 0.151578 0.046639 0.083676 
0.386279 0.077554 0.158091 0.064131 0.050708 0.104400 0.037286 0.070843 0.050708 
0.056659 0.467255 0.083149 0.050037 0.050037 0.076527 0.083149 0.050037 0.083149 
0.040718 0.183575 0.090407 0.034507 0.133885 0.046929 0.233264 0.040718 0.195997 
0.044185 0.190383 0.096816 0.032489 0.079272 0.055880 0.067576 0.032489 0.400910 
0.100358 0.106810 0.132616 0.074552 0.042294 0.055197 0.061649 0.074552 0.351971 
0.084625 0.148579 0.067183 0.038114 0.148579 0.125323 0.055556 0.032300 0.299742 
0.046498 0.519324 0.057367 0.030193 0.057367 0.100845 0.106280 0.035628 0.046498 
0.048889 0.083175 0.186032 0.043175 0.386032 0.060317 0.054603 0.037460 0.100317 
0.040218 0.040218 0.070893 0.034083 0.058623 0.040218 0.623040 0.034083 0.058623 
0.092489 0.165115 0.092489 0.031037 0.288020 0.176288 0.070143 0.031037 0.053383 
0.105756 0.196118 0.039491 0.057564 0.159973 0.075636 0.063588 0.051539 0.250335 
0.052168 0.235095 0.161924 0.064363 0.070461 0.064363 0.241192 0.033875 0.076558 
0.044185 0.272255 0.050032 0.055880 0.061728 0.412606 0.038337 0.032489 0.032489 
0.503347 0.045515 0.051539 0.039491 0.093708 0.099732 0.051539 0.063588 0.051539 
0.055880 0.441845 0.073424 0.038337 0.055880 0.067576 0.079272 0.038337 0.149448 
0.061370 0.416021 0.136951 0.032300 0.038114 0.107881 0.061370 0.043928 0.102067 
0.062865 0.161550 0.128655 0.056287 0.128655 0.056287 0.286550 0.043129 0.076023 
0.049742 0.107881 0.142765 0.038114 0.096253 0.404393 0.049742 0.043928 0.067183 
0.178799 0.121328 0.109834 0.063857 0.086845 0.121328 0.075351 0.155811 0.086845 
0.256209 0.115033 0.062092 0.032680 0.162092 0.197386 0.044444 0.032680 0.097386 
0.055880 0.085120 0.102664 0.044185 0.108512 0.067576 0.418454 0.073424 0.044185 
0.046639 0.096022 0.077503 0.046639 0.096022 0.126886 0.052812 0.034294 0.423182 
0.061254 0.407407 0.086895 0.074074 0.061254 0.048433 0.061254 0.035613 0.163818 
0.084722 0.040972 0.184722 0.103472 0.090972 0.115972 0.278472 0.053472 0.047222 
0.054603 0.208889 0.117460 0.060317 0.134603 0.123175 0.151746 0.060317 0.088889 
0.106505 0.070236 0.080599 0.044329 0.132412 0.049511 0.132412 0.033967 0.350029 
0.196440 0.207489 0.091467 0.047268 0.168815 0.163290 0.041743 0.036219 0.047268 
0.153935 0.034144 0.049769 0.034144 0.278935 0.216435 0.054977 0.039352 0.138310 
0.109796 0.097962 0.080210 0.044707 0.103879 0.086128 0.062459 0.056542 0.358317 
0.283525 0.234264 0.051998 0.032293 0.076628 0.160372 0.071702 0.042146 0.047072 
0.071331 0.089849 0.077503 0.046639 0.089849 0.083676 0.058985 0.034294 0.447874 
0.110589 0.040167 0.058946 0.030777 0.387585 0.101200 0.040167 0.030777 0.199791 
0.038337 0.079272 0.155296 0.055880 0.044185 0.079272 0.085120 0.044185 0.418454 
0.093381 0.247636 0.098700 0.034870 0.157210 0.082742 0.151891 0.029551 0.104019 
0.053683 0.070537 0.177278 0.031211 0.081773 0.087391 0.160424 0.053683 0.284020 
0.035823 0.265331 0.057681 0.041287 0.085003 0.079539 0.052216 0.046752 0.336369 
0.205582 0.220075 0.075148 0.026838 0.171766 0.162104 0.050993 0.036500 0.050993 
0.128563 0.034322 0.118092 0.044793 0.222804 0.055265 0.055265 0.055265 0.285631 
0.039973 0.046070 0.155827 0.058266 0.070461 0.052168 0.424119 0.100949 0.052168 
0.060664 0.164112 0.031928 0.043423 0.037676 0.106641 0.031928 0.037676 0.485951 
0.066432 0.214580 0.061141 0.050558 0.087596 0.140506 0.241035 0.055850 0.082305 
0.077905 0.325032 0.152618 0.077905 0.106641 0.054917 0.037676 0.083653 0.083653 
0.263593 0.077423 0.093381 0.040189 0.109338 0.242317 0.056147 0.056147 0.061466 
0.066807 0.269339 0.117440 0.092124 0.092124 0.047820 0.136428 0.066807 0.111111 
0.101954 0.250305 0.079976 0.036020 0.096459 0.294261 0.047009 0.036020 0.057998 
0.070537 0.048065 0.272784 0.042447 0.126717 0.087391 0.261548 0.031211 0.059301 
0.154354 0.062462 0.203003 0.035435 0.273273 0.127327 0.040841 0.040841 0.062462 
0.568354 0.050029 0.060500 0.060500 0.081443 0.044793 0.050029 0.039558 0.044793 
0.555068 0.050682 0.081384 0.028752 0.063840 0.076998 0.068226 0.028752 0.046296 
0.041514 0.052503 0.057998 0.052503 0.063492 0.041514 0.552503 0.085470 0.052503 
0.440194 0.085003 0.057681 0.052216 0.128719 0.079539 0.046752 0.041287 0.068610 
0.104245 0.053683 0.154806 0.059301 0.115481 0.048065 0.284020 0.059301 0.121099 
0.099228 0.067142 0.067142 0.067142 0.035056 0.072490 0.083185 0.035056 0.473559 
0.061141 0.151088 0.061141 0.034685 0.092887 0.034685 0.108760 0.034685 0.420929 
0.052793 0.130141 0.041743 0.069368 0.119091 0.041743 0.074893 0.091467 0.378760 
0.057057 0.143544 0.062462 0.035435 0.121922 0.067868 0.062462 0.046246 0.403003 
0.046498 0.068237 0.117150 0.068237 0.079106 0.100845 0.073671 0.073671 0.372585 
0.096816 0.102664 0.067576 0.061728 0.050032 0.044185 0.044185 0.061728 0.471085 
0.089114 0.048505 0.033277 0.028201 0.038353 0.667795 0.038353 0.028201 0.028201 
0.036829 0.171660 0.109863 0.031211 0.087391 0.064919 0.070537 0.048065 0.379526 
0.054630 0.079630 0.046296 0.246296 0.087963 0.087963 0.062963 0.246296 0.087963 
0.142119 0.146770 0.053747 0.039793 0.156072 0.286305 0.025840 0.039793 0.109561 
0.120181 0.115079 0.069161 0.028345 0.181406 0.048753 0.038549 0.028345 0.370181 
0.059975 0.400884 0.037247 0.031566 0.054293 0.071338 0.048611 0.048611 0.247475 
0.471827 0.031069 0.040548 0.054766 0.149552 0.121116 0.040548 0.031069 0.059505 
0.447250 0.053311 0.073513 0.033109 0.098765 0.129068 0.053311 0.043210 0.068462 
0.033109 0.043210 0.078563 0.028058 0.568462 0.038159 0.048260 0.033109 0.129068 
0.127231 0.049511 0.028785 0.054692 0.137594 0.044329 0.427749 0.049511 0.080599 
0.091467 0.511357 0.080417 0.041743 0.052793 0.052793 0.080417 0.030694 0.058318 
0.362343 0.185003 0.037219 0.027367 0.032293 0.253968 0.042146 0.032293 0.027367 
0.384701 0.093244 0.032942 0.032942 0.133445 0.168621 0.058068 0.027917 0.068118 
0.057367 0.100845 0.280193 0.046498 0.128019 0.133454 0.111715 0.062802 0.079106 
0.042354 0.542354 0.091859 0.027503 0.062156 0.106711 0.047305 0.037404 0.042354 
0.180968 0.260176 0.116612 0.042354 0.062156 0.220572 0.032453 0.037404 0.047305 
0.056369 0.066125 0.046612 0.031978 0.192954 0.105149 0.066125 0.031978 0.402710 
0.037590 0.072416 0.037590 0.027640 0.087341 0.067441 0.037590 0.037590 0.594804 
0.028637 0.059565 0.286369 0.059565 0.085338 0.054410 0.306987 0.033792 0.085338 
0.076207 0.238511 0.086678 0.034322 0.112856 0.091914 0.086678 0.034322 0.238511 
0.472856 0.116692 0.048199 0.029934 0.052765 0.125824 0.057331 0.057331 0.039066 
0.078092 0.059224 0.059224 0.035639 0.054507 0.620545 0.026205 0.035639 0.030922 
0.052503 0.118437 0.151404 0.074481 0.063492 0.140415 0.079976 0.057998 0.261294 
0.067441 0.037590 0.450525 0.047540 0.067441 0.132117 0.032615 0.077391 0.087341 
0.065486 0.171766 0.060655 0.055824 0.079979 0.050993 0.055824 0.050993 0.408481 
0.114495 0.124647 0.038353 0.073886 0.043429 0.048505 0.099267 0.073886 0.383531 
0.064387 0.413105 0.059259 0.033618 0.095157 0.059259 0.038746 0.038746 0.197721 
0.217549 0.166147 0.058671 0.030633 0.110073 0.119418 0.044652 0.030633 0.222222 
0.076628 0.352490 0.042146 0.042146 0.091407 0.061850 0.234264 0.037219 0.061850 
0.480759 0.080759 0.041734 0.051491 0.036856 0.149051 0.051491 0.041734 0.066125 
0.046094 0.032994 0.032994 0.032994 0.032994 0.740417 0.028627 0.024260 0.028627 
0.038194 0.073909 0.056052 0.033730 0.502480 0.047123 0.145337 0.042659 0.060516 
0.365948 0.062465 0.082366 0.027640 0.206744 0.102266 0.047540 0.047540 0.057490 
0.080417 0.141191 0.058318 0.113567 0.108042 0.108042 0.224064 0.063843 0.102517 
0.069979 0.060363 0.045940 0.036325 0.050748 0.050748 0.045940 0.031517 0.608440 
0.082809 0.082809 0.068658 0.026205 0.082809 0.092243 0.059224 0.035639 0.469602 
0.061247 0.085637 0.144173 0.041734 0.168564 0.051491 0.271003 0.036856 0.139295 
0.168411 0.114599 0.114599 0.033881 0.271550 0.132536 0.060787 0.024913 0.078724 
0.053498 0.118313 0.076646 0.025720 0.099794 0.118313 0.034979 0.025720 0.447016 
0.112856 0.039558 0.081443 0.050029 0.228040 0.076207 0.044793 0.118092 0.248982 
0.139978 0.296841 0.115468 0.027233 0.125272 0.056645 0.051743 0.027233 0.159586 
0.028490 0.141311 0.043875 0.028490 0.125926 0.105413 0.074644 0.028490 0.423362 
0.038549 0.125283 0.079365 0.038549 0.242630 0.043651 0.166100 0.043651 0.222222 
0.058361 0.285634 0.043210 0.048260 0.073513 0.073513 0.265432 0.068462 0.083614 
0.041331 0.543747 0.026838 0.031669 0.060655 0.104133 0.036500 0.026838 0.128288 
0.144270 0.034322 0.133799 0.065736 0.217568 0.039558 0.044793 0.107621 0.212333 
0.033730 0.439980 0.042659 0.069444 0.082837 0.123016 0.096230 0.073909 0.038194 
0.066125 0.095393 0.212466 0.041734 0.046612 0.080759 0.041734 0.071003 0.344173 
0.034188 0.074912 0.097536 0.034188 0.455003 0.074912 0.129211 0.025138 0.074912 
0.045508 0.300827 0.162530 0.061466 0.093381 0.045508 0.029551 0.050827 0.210402 
0.174074 0.188360 0.112169 0.040741 0.093122 0.064550 0.050265 0.050265 0.226455 
0.046162 0.070317 0.210413 0.060655 0.176597 0.142780 0.176597 0.036500 0.079979 
0.034500 0.463724 0.043633 0.039066 0.098427 0.066464 0.048199 0.029934 0.176053 
0.118056 0.036325 0.089209 0.089209 0.199786 0.315171 0.065171 0.045940 0.041132 
0.067142 0.072490 0.067142 0.109923 0.093880 0.061794 0.436126 0.035056 0.056447 
0.028015 0.036562 0.134853 0.040836 0.271605 0.079297 0.254511 0.028015 0.126306 
0.032151 0.057683 0.061939 0.027896 0.342790 0.117258 0.227896 0.023641 0.108747 
0.037037 0.095861 0.247821 0.041939 0.105664 0.061547 0.051743 0.037037 0.321351 
0.089489 0.105706 0.132733 0.073273 0.100300 0.089489 0.203003 0.111111 0.094895 
0.057490 0.226645 0.181868 0.052515 0.112217 0.176893 0.072416 0.052515 0.067441 
0.058946 0.054251 0.054251 0.063641 0.063641 0.049557 0.392280 0.087115 0.176317 
0.071351 0.081155 0.174292 0.056645 0.081155 0.046841 0.115468 0.076253 0.296841 
0.043651 0.181406 0.038549 0.069161 0.084467 0.069161 0.237528 0.048753 0.227324 
0.041727 0.072295 0.072295 0.028627 0.329937 0.041727 0.067928 0.041727 0.303736 
0.076329 0.058937 0.202415 0.111111 0.089372 0.302415 0.050242 0.076329 0.032850 
0.090950 0.058692 0.127240 0.046595 0.046595 0.486111 0.058692 0.038530 0.046595 
0.085905 0.224794 0.044239 0.062757 0.067387 0.067387 0.058128 0.058128 0.331276 
0.094017 0.122863 0.055556 0.074786 0.041132 0.094017 0.041132 0.055556 0.420940 
0.054251 0.134064 0.040167 0.026082 0.364111 0.119979 0.110589 0.026082 0.124674 
0.069161 0.201814 0.058957 0.048753 0.115079 0.058957 0.104875 0.033447 0.308957 
0.065171 0.065171 0.156517 0.094017 0.103632 0.079594 0.300748 0.050748 0.084402 
0.047519 0.034941 0.091544 0.217331 0.192173 0.034941 0.060098 0.273934 0.047519 
0.047980 0.111616 0.066162 0.029798 0.061616 0.043434 0.320707 0.038889 0.279798 
0.050265 0.069312 0.045503 0.045503 0.116931 0.059788 0.345503 0.055026 0.212169 
0.076293 0.237583 0.044035 0.067076 0.163850 0.071685 0.044035 0.053251 0.242192 
0.109493 0.036677 0.269687 0.104639 0.099784 0.124056 0.090076 0.094930 0.070658 
0.045503 0.093122 0.069312 0.045503 0.112169 0.088360 0.097884 0.045503 0.402646 
0.089209 0.055556 0.180556 0.031517 0.108440 0.108440 0.262286 0.041132 0.122863 
0.046162 0.413312 0.046162 0.060655 0.084809 0.079979 0.084809 0.031669 0.152442 
0.163818 0.042023 0.061254 0.093305 0.048433 0.086895 0.048433 0.413818 0.042023 
0.093434 0.111616 0.170707 0.029798 0.102525 0.093434 0.088889 0.038889 0.270707 
0.071360 0.519636 0.062739 0.023946 0.062739 0.088602 0.058429 0.028257 0.084291 
0.106927 0.144584 0.073454 0.027429 0.399814 0.073454 0.073454 0.035797 0.065086 
0.057930 0.386990 0.096391 0.036562 0.122032 0.057930 0.122032 0.032289 0.087844 
0.151709 0.108440 0.074786 0.079594 0.036325 0.363248 0.069979 0.055556 0.060363 
0.063840 0.103314 0.085770 0.041910 0.441033 0.033138 0.129630 0.059454 0.041910 
0.040662 0.232151 0.193853 0.095981 0.066194 0.168322 0.044917 0.061939 0.095981 
0.039979 0.110073 0.170820 0.058671 0.128764 0.128764 0.250260 0.058671 0.053998 
0.050242 0.250242 0.041546 0.037198 0.089372 0.054589 0.037198 0.041546 0.398068 
0.109561 0.067700 0.049096 0.035142 0.216537 0.123514 0.081654 0.053747 0.263049 
0.334343 0.052525 0.143434 0.052525 0.070707 0.120707 0.075253 0.052525 0.097980 
0.045498 0.523946 0.071360 0.028257 0.058429 0.092912 0.049808 0.023946 0.105843 
0.039979 0.362409 0.049325 0.035306 0.068017 0.124091 0.236241 0.035306 0.049325 
0.030633 0.156802 0.063344 0.025961 0.030633 0.110073 0.030633 0.035306 0.516615 
0.053007 0.401631 0.094292 0.062181 0.062181 0.190622 0.057594 0.043833 0.034659 
0.054293 0.105429 0.167929 0.145202 0.128157 0.042929 0.116793 0.133838 0.105429 
0.043833 0.071356 0.319062 0.039246 0.089704 0.071356 0.282365 0.039246 0.043833 
0.062181 0.057594 0.305301 0.039246 0.112640 0.085117 0.245668 0.043833 0.048420 
0.064169 0.575797 0.025409 0.033161 0.025409 0.137812 0.056417 0.021533 0.060293 
0.064859 0.404572 0.088783 0.031366 0.122275 0.036151 0.079213 0.074428 0.098352 
0.255907 0.043238 0.070387 0.029663 0.274007 0.138260 0.102061 0.056812 0.029663 
0.045695 0.093314 0.054353 0.028379 0.149591 0.088985 0.305435 0.058682 0.175565 
0.042281 0.316618 0.152901 0.077679 0.157325 0.068830 0.082104 0.051131 0.051131 
0.035979 0.159788 0.155026 0.074074 0.064550 0.045503 0.259788 0.088360 0.116931 
0.133146 0.323019 0.099391 0.036099 0.040319 0.065635 0.086732 0.048758 0.166901 
0.045287 0.026330 0.035808 0.050026 0.419695 0.059505 0.263296 0.035808 0.064244 
0.041910 0.427875 0.037524 0.033138 0.081384 0.274366 0.033138 0.046296 0.024366 
0.039793 0.053747 0.202584 0.025840 0.151421 0.077003 0.346770 0.030491 0.072351 
0.045503 0.040741 0.055026 0.055026 0.331217 0.031217 0.340741 0.064550 0.035979 
0.095802 0.158025 0.064691 0.051358 0.064691 0.113580 0.131358 0.038025 0.282469 
0.059195 0.303736 0.059195 0.032994 0.102863 0.063561 0.120330 0.037361 0.220767 
0.050505 0.050505 0.299309 0.098352 0.064859 0.141414 0.103137 0.141414 0.050505 
0.040490 0.078625 0.112524 0.023540 0.205744 0.044727 0.362524 0.036252 0.095574 
0.260247 0.029136 0.095802 0.024691 0.344691 0.086914 0.046914 0.033580 0.078025 
0.056812 0.355455 0.043238 0.047763 0.038713 0.088487 0.088487 0.025138 0.255907 
0.047750 0.138659 0.109734 0.031221 0.101469 0.056015 0.167585 0.035354 0.312213 
0.028135 0.298522 0.075346 0.075346 0.122556 0.036719 0.195517 0.036719 0.131140 
0.050461 0.102863 0.037361 0.028627 0.094129 0.063561 0.177098 0.054828 0.391072 
0.051491 0.139295 0.075881 0.036856 0.085637 0.305149 0.041734 0.056369 0.207588 
0.078773 0.063847 0.048922 0.160862 0.093698 0.041459 0.101161 0.287728 0.123549 
0.041755 0.035386 0.105449 0.143666 0.060863 0.048125 0.181883 0.334749 0.048125 
0.074222 0.030222 0.226222 0.026222 0.458222 0.042222 0.058222 0.038222 0.046222 
0.044727 0.120998 0.053202 0.023540 0.260829 0.065913 0.061676 0.027778 0.341337 
0.056481 0.327315 0.039815 0.027315 0.064815 0.089815 0.123148 0.043981 0.227315 
0.035808 0.102159 0.087941 0.035808 0.068984 0.068984 0.310690 0.064244 0.225382 
0.035639 0.578092 0.068658 0.035639 0.049790 0.115828 0.030922 0.030922 0.054507 
0.054828 0.395439 0.107230 0.046094 0.046094 0.107230 0.050461 0.032994 0.159631 
0.623316 0.039983 0.032407 0.021044 0.062710 0.104377 0.024832 0.021044 0.070286 
0.190199 0.198933 0.037361 0.037361 0.059195 0.172732 0.124697 0.067928 0.111596 
0.047980 0.034343 0.038889 0.047980 0.434343 0.034343 0.247980 0.043434 0.070707 
0.062006 0.024553 0.106950 0.043279 0.507699 0.110695 0.062006 0.035789 0.047025 
0.034360 0.500223 0.078536 0.022311 0.034360 0.070504 0.134761 0.042392 0.082552 
0.090954 0.033432 0.033432 0.059980 0.055556 0.604228 0.055556 0.029007 0.037856 
0.046296 0.177875 0.055068 0.028752 0.085770 0.125244 0.050682 0.033138 0.397173 
0.400688 0.042281 0.175025 0.029007 0.121927 0.099803 0.037856 0.033432 0.059980 
0.151554 0.155385 0.074926 0.028948 0.220519 0.216688 0.036611 0.028948 0.086420 
0.048758 0.196437 0.086732 0.031880 0.065635 0.086732 0.048758 0.040319 0.394749 
0.040443 0.377607 0.048106 0.044274 0.170711 0.197531 0.028948 0.040443 0.051937 
0.048199 0.039066 0.048199 0.043633 0.043633 0.057331 0.550482 0.093861 0.075596 
0.030491 0.286305 0.077003 0.044444 0.086305 0.030491 0.104910 0.044444 0.295607 
0.032015 0.044727 0.065913 0.023540 0.570151 0.065913 0.027778 0.023540 0.146422 
0.081155 0.238017 0.086057 0.061547 0.095861 0.061547 0.061547 0.061547 0.252723 
0.039973 0.070461 0.064363 0.131436 0.052168 0.076558 0.082656 0.430217 0.052168 
0.069270 0.516969 0.044166 0.081822 0.060902 0.052534 0.052534 0.052534 0.069270 
0.034874 0.031225 0.027575 0.020276 0.031225 0.746553 0.034874 0.027575 0.045823 
0.052288 0.133736 0.129211 0.025138 0.319256 0.169935 0.074912 0.025138 0.070387 
0.056015 0.035354 0.204775 0.051882 0.047750 0.093205 0.051882 0.051882 0.407254 
0.308355 0.037037 0.060293 0.029285 0.323859 0.048665 0.106804 0.052541 0.033161 
0.064815 0.181481 0.073148 0.023148 0.064815 0.089815 0.089815 0.039815 0.373148 
0.056858 0.138889 0.056858 0.033420 0.033420 0.080295 0.119358 0.033420 0.447483 
0.456741 0.033816 0.053579 0.049627 0.199824 0.049627 0.065437 0.057532 0.033816 
0.306708 0.044035 0.150026 0.062468 0.108551 0.131592 0.085509 0.044035 0.067076 
0.148946 0.282567 0.067050 0.041188 0.041188 0.088602 0.136015 0.032567 0.161877 
0.105389 0.178350 0.131140 0.045303 0.045303 0.066762 0.165474 0.036719 0.225560 
0.045674 0.097058 0.053579 0.025911 0.231445 0.069390 0.041722 0.029864 0.405358 
0.483897 0.078100 0.034622 0.030998 0.088969 0.136071 0.020129 0.023752 0.103462 
0.097540 0.093723 0.044105 0.025021 0.074640 0.036472 0.063189 0.028838 0.536472 
0.031613 0.286843 0.102743 0.048350 0.090191 0.052534 0.173873 0.035797 0.178057 
0.062978 0.115610 0.228970 0.058929 0.054881 0.115610 0.233018 0.067027 0.062978 
0.120635 0.128798 0.043084 0.022676 0.047166 0.365533 0.063492 0.039002 0.169615 
0.120773 0.057532 0.057532 0.029864 0.417216 0.053579 0.176109 0.037769 0.049627 
0.540288 0.093723 0.036472 0.055556 0.089907 0.044105 0.047922 0.036472 0.055556 
0.024101 0.024101 0.020425 0.031454 0.020425 0.803513 0.031454 0.024101 0.020425 
0.067633 0.380676 0.067633 0.054589 0.050242 0.067633 0.067633 0.032850 0.211111 
0.033951 0.061728 0.037919 0.037919 0.069665 0.664903 0.029982 0.026014 0.037919 
0.038070 0.042054 0.117751 0.057990 0.093847 0.042054 0.532094 0.042054 0.034086 
0.033420 0.201389 0.029514 0.025608 0.244358 0.025608 0.041233 0.021701 0.377170 
0.227728 0.110611 0.083584 0.070070 0.038539 0.200701 0.038539 0.079079 0.151151 
0.057930 0.117759 0.433998 0.032289 0.057930 0.109212 0.062203 0.049383 0.079297 
0.086305 0.314212 0.132817 0.109561 0.100258 0.030491 0.090956 0.077003 0.058398 
0.079148 0.051750 0.092846 0.202435 0.072298 0.038052 0.051750 0.305175 0.106545 
0.069561 0.183007 0.094771 0.035948 0.090570 0.056956 0.145191 0.069561 0.254435 
0.088602 0.105843 0.062739 0.075670 0.075670 0.123084 0.088602 0.067050 0.312739 
0.071126 0.046905 0.123030 0.019223 0.482891 0.109189 0.043445 0.026144 0.078047 
0.065567 0.058500 0.037299 0.026698 0.037299 0.634472 0.040832 0.037299 0.062034 
0.058480 0.434419 0.054720 0.024645 0.084795 0.201337 0.054720 0.032164 0.054720 
0.057613 0.083539 0.050206 0.031687 0.098354 0.150206 0.046502 0.020576 0.461317 
0.079172 0.156095 0.156095 0.030589 0.058929 0.071075 0.079172 0.054881 0.313990 
0.049473 0.407137 0.067721 0.027575 0.075020 0.195458 0.082320 0.027575 0.067721 
0.060648 0.085648 0.118981 0.068981 0.185648 0.114815 0.252315 0.031481 0.081481 
0.021701 0.486545 0.060764 0.025608 0.060764 0.107639 0.099826 0.033420 0.103733 
0.050832 0.196581 0.087269 0.026541 0.087269 0.079172 0.062978 0.034638 0.374719 
0.039491 0.045515 0.045515 0.238286 0.069612 0.051539 0.063588 0.226238 0.220214 
0.170310 0.166211 0.071949 0.043260 0.137523 0.256375 0.039162 0.055556 0.059654 
0.071054 0.118264 0.216977 0.032427 0.083929 0.083929 0.225560 0.083929 0.083929 
0.036311 0.042847 0.153958 0.297749 0.062455 0.042847 0.088598 0.219317 0.055919 
0.030694 0.036219 0.141191 0.295887 0.085942 0.074893 0.041743 0.251688 0.041743 
0.141270 0.112698 0.034127 0.026984 0.141270 0.051984 0.080556 0.023413 0.387698 
0.021011 0.033832 0.030627 0.030627 0.021011 0.793447 0.021011 0.030627 0.017806 
0.114747 0.191111 0.078384 0.023838 0.340202 0.125657 0.023838 0.020202 0.082020 
0.057532 0.037769 0.033816 0.053579 0.401405 0.037769 0.282828 0.061484 0.033816 
0.105577 0.055768 0.201362 0.063431 0.178374 0.059600 0.101745 0.048106 0.186037 
0.361492 0.183409 0.053272 0.019026 0.084094 0.104642 0.049848 0.019026 0.125190 
0.052137 0.429060 0.048291 0.029060 0.044444 0.232906 0.048291 0.032906 0.082906 
0.050021 0.038950 0.072161 0.024190 0.540795 0.042640 0.116441 0.024190 0.090611 
0.029982 0.081570 0.145062 0.049824 0.073633 0.069665 0.351411 0.077601 0.121252 
0.042563 0.151434 0.127240 0.026434 0.070789 0.050627 0.058692 0.058692 0.413530 
0.100949 0.033875 0.046070 0.326558 0.119241 0.039973 0.076558 0.192412 0.064363 
0.083231 0.293563 0.020500 0.042640 0.024190 0.437474 0.035260 0.027880 0.035260 
0.072428 0.109465 0.109465 0.046502 0.035391 0.113169 0.105761 0.031687 0.376132 
0.033885 0.572892 0.033885 0.023247 0.118991 0.094169 0.037431 0.040977 0.044523 
0.111111 0.199848 0.032613 0.018961 0.141828 0.076981 0.036026 0.022374 0.360258 
0.316872 0.161317 0.046502 0.027984 0.239095 0.098354 0.042798 0.027984 0.039095 
0.045674 0.184014 0.097058 0.077295 0.069390 0.069390 0.085200 0.033816 0.338164 
0.112751 0.042640 0.083231 0.035260 0.511275 0.116441 0.046330 0.027880 0.024190 
0.099845 0.134810 0.197747 0.033411 0.302642 0.064880 0.064880 0.019425 0.082362 
0.294424 0.204172 0.041717 0.020056 0.066988 0.131970 0.052547 0.020056 0.168071 
0.057439 0.150659 0.087100 0.032015 0.214218 0.120998 0.176083 0.027778 0.133710 
0.460773 0.102350 0.034249 0.037834 0.048586 0.080844 0.055755 0.030665 0.148945 
0.024370 0.548534 0.054110 0.024370 0.083850 0.106154 0.057827 0.046675 0.054110 
0.042484 0.149101 0.053513 0.024101 0.226307 0.369690 0.060866 0.031454 0.042484 
0.110309 0.269154 0.070598 0.023666 0.153630 0.135580 0.059767 0.023666 0.153630 
0.135877 0.045515 0.033467 0.232262 0.081660 0.063588 0.033467 0.322624 0.051539 
0.057371 0.047567 0.041031 0.024691 0.482208 0.093319 0.093319 0.018155 0.142338 
0.051072 0.037037 0.110721 0.054581 0.128265 0.033528 0.405458 0.058090 0.121248 
0.469181 0.023925 0.053122 0.045823 0.133414 0.096918 0.038524 0.100568 0.038524 
0.335538 0.061728 0.168871 0.093474 0.041887 0.061728 0.069665 0.033951 0.133157 
0.034373 0.077538 0.149480 0.073941 0.037970 0.084732 0.030775 0.030775 0.480416 
0.549318 0.149318 0.033528 0.019493 0.065107 0.103704 0.023002 0.023002 0.033528 
0.055983 0.559829 0.032906 0.036752 0.025214 0.036752 0.098291 0.025214 0.129060 
0.031746 0.037460 0.088889 0.174603 0.037460 0.037460 0.134603 0.420317 0.037460 
0.097169 0.043937 0.249261 0.036333 0.081960 0.306295 0.100972 0.059147 0.024926 
0.042222 0.322222 0.182222 0.046222 0.034222 0.078222 0.022222 0.054222 0.218222 
0.032407 0.490741 0.153620 0.028620 0.039983 0.138468 0.024832 0.047559 0.043771 
0.330495 0.031225 0.290349 0.034874 0.042174 0.042174 0.075020 0.093268 0.060422 
0.035435 0.121922 0.084084 0.251652 0.073273 0.035435 0.051652 0.294895 0.051652 
0.064781 0.157032 0.097991 0.042640 0.024190 0.079541 0.024190 0.031570 0.478065 
0.068980 0.570838 0.061545 0.031805 0.061545 0.095002 0.054110 0.028088 0.028088 
0.191027 0.030144 0.083771 0.023835 0.124781 0.102699 0.061689 0.042762 0.339292 
0.067263 0.488719 0.078757 0.048106 0.032780 0.078757 0.036611 0.028948 0.140060 
0.130892 0.445286 0.066498 0.047559 0.108165 0.096801 0.032407 0.032407 0.039983 
0.045674 0.484409 0.045674 0.037769 0.057532 0.112868 0.093105 0.021959 0.101010 
0.059510 0.517137 0.035782 0.018832 0.123917 0.100188 0.045951 0.022222 0.076460 
0.027081 0.123855 0.066507 0.034249 0.091597 0.059339 0.037834 0.023497 0.536041 
0.057420 0.211782 0.043997 0.198359 0.057420 0.037286 0.043997 0.265474 0.084265 
0.564160 0.025440 0.072578 0.022073 0.160120 0.049009 0.062477 0.022073 0.022073 
0.030694 0.030694 0.096992 0.102517 0.130141 0.030694 0.058318 0.456108 0.063843 
0.028192 0.266998 0.050580 0.031924 0.035655 0.035655 0.050580 0.058043 0.442371 
0.028192 0.263267 0.046849 0.050580 0.054312 0.072968 0.035655 0.035655 0.412521 
0.445405 0.073647 0.021774 0.021774 0.039065 0.079411 0.027538 0.027538 0.263849 
0.071111 0.082020 0.278384 0.049293 0.085657 0.151111 0.049293 0.034747 0.198384 
0.474122 0.073471 0.047412 0.037640 0.053927 0.154904 0.034383 0.021354 0.102787 
0.203373 0.051587 0.033730 0.073909 0.056052 0.051587 0.078373 0.422123 0.029266 
0.401235 0.293596 0.022762 0.019290 0.047068 0.130401 0.026235 0.019290 0.040123 
0.032379 0.038514 0.152011 0.026244 0.587594 0.078391 0.029312 0.029312 0.026244 
0.037431 0.094169 0.058708 0.023247 0.090623 0.040977 0.069346 0.026793 0.558708 
0.030525 0.030525 0.041514 0.310745 0.047009 0.041514 0.036020 0.184371 0.277778 
0.072125 0.121248 0.191423 0.030019 0.058090 0.072125 0.338791 0.082651 0.033528 
0.142805 0.031330 0.378871 0.034608 0.070674 0.116576 0.152641 0.024772 0.047723 
0.187002 0.103983 0.209644 0.081342 0.043606 0.164361 0.043606 0.058700 0.107757 
0.038107 0.525471 0.074208 0.048937 0.052547 0.113919 0.052547 0.063377 0.030886 
0.065262 0.035523 0.057827 0.024370 0.161917 0.567121 0.035523 0.020653 0.031805 
0.041717 0.034497 0.077818 0.034497 0.063377 0.020056 0.121139 0.034497 0.572403 
0.039574 0.032725 0.176560 0.101218 0.484779 0.022451 0.063546 0.039574 0.039574 
0.361317 0.042798 0.035391 0.042798 0.342798 0.027984 0.039095 0.031687 0.076132 
0.126827 0.360380 0.044591 0.028143 0.133406 0.080775 0.093933 0.018275 0.113670 
0.537919 0.026014 0.077601 0.026014 0.045855 0.117284 0.053792 0.033951 0.081570 
0.358943 0.024370 0.050392 0.028088 0.347790 0.028088 0.054110 0.046675 0.061545 
0.020807 0.103204 0.118186 0.054515 0.103204 0.062006 0.047025 0.058261 0.432792 
0.116109 0.140331 0.074587 0.026144 0.424068 0.050365 0.119569 0.022684 0.026144 
0.063431 0.044274 0.461899 0.074926 0.132397 0.051937 0.044274 0.074926 0.051937 
0.042998 0.063546 0.269026 0.036149 0.104642 0.217656 0.183409 0.036149 0.046423 
0.120271 0.030665 0.077260 0.037834 0.432099 0.156113 0.088013 0.030665 0.027081 
0.244035 0.032379 0.167348 0.038514 0.299250 0.081459 0.072256 0.023177 0.041581 
0.060478 0.060478 0.073136 0.155415 0.085795 0.066807 0.060478 0.300985 0.136428 
0.271044 0.066498 0.085438 0.062710 0.039983 0.346801 0.047559 0.051347 0.028620 
0.087386 0.155002 0.044682 0.041123 0.023329 0.532226 0.026888 0.041123 0.048240 
0.070674 0.237887 0.087067 0.018215 0.064117 0.254281 0.100182 0.024772 0.142805 
0.098090 0.051215 0.074653 0.082465 0.059028 0.074653 0.293403 0.176215 0.090278 
0.471424 0.046503 0.081647 0.027334 0.084842 0.148740 0.049698 0.068868 0.020944 
0.028512 0.454927 0.054927 0.062474 0.070021 0.047379 0.032285 0.032285 0.217191 
0.038647 0.045336 0.065403 0.048681 0.256039 0.389818 0.052025 0.048681 0.055370 
0.038337 0.038337 0.073424 0.149448 0.061728 0.061728 0.108512 0.295647 0.172840 
0.029709 0.035056 0.093880 0.323827 0.045752 0.035056 0.158051 0.216875 0.061794 
0.030125 0.160407 0.181534 0.051252 0.174491 0.047731 0.244914 0.030125 0.079421 
0.063181 0.037971 0.015562 0.029567 0.049175 0.741052 0.015562 0.026766 0.021164 
0.213977 0.284649 0.047899 0.037299 0.044366 0.242246 0.040832 0.047899 0.040832 
0.145738 0.114916 0.101218 0.029300 0.032725 0.097793 0.025875 0.032725 0.419711 
0.046330 0.252973 0.064781 0.072161 0.064781 0.031570 0.094301 0.061091 0.312013 
0.054917 0.031928 0.049170 0.244572 0.060664 0.054917 0.135377 0.313538 0.054917 
0.032293 0.086481 0.051998 0.199781 0.091407 0.056924 0.047072 0.396825 0.037219 
0.070048 0.455141 0.032781 0.048309 0.085576 0.197378 0.029676 0.029676 0.051415 
0.498519 0.041852 0.065185 0.021852 0.051852 0.235185 0.031852 0.021852 0.031852 
0.066971 0.128615 0.217656 0.029300 0.070396 0.169711 0.036149 0.039574 0.241629 
0.077485 0.107091 0.149854 0.024854 0.087354 0.103801 0.347222 0.028143 0.074196 
0.067572 0.029955 0.029955 0.023685 0.067572 0.678858 0.023685 0.045629 0.033090 
0.035421 0.126025 0.068978 0.021999 0.038777 0.028710 0.102535 0.035421 0.542133 
0.058714 0.125604 0.038647 0.021925 0.443330 0.192493 0.048681 0.031958 0.038647 
0.048681 0.149015 0.035303 0.021925 0.460052 0.172427 0.055370 0.018580 0.038647 
0.042174 0.042174 0.447283 0.082320 0.107867 0.027575 0.089619 0.100568 0.060422 
0.292897 0.178973 0.112518 0.020745 0.030239 0.106188 0.058720 0.055556 0.144163 
0.081852 0.038519 0.125185 0.055185 0.418519 0.095185 0.095185 0.055185 0.035185 
0.045515 0.105756 0.111780 0.244311 0.069612 0.045515 0.069612 0.250335 0.057564 
0.027575 0.180860 0.071371 0.042174 0.115166 0.060422 0.403487 0.034874 0.064071 
0.058714 0.038647 0.078781 0.035303 0.142326 0.152360 0.041992 0.031958 0.419918 
0.040466 0.046639 0.176269 0.145405 0.034294 0.034294 0.077503 0.404664 0.040466 
0.204831 0.057005 0.048309 0.048309 0.143961 0.074396 0.126570 0.117874 0.178744 
0.061794 0.045752 0.051099 0.206179 0.067142 0.035056 0.045752 0.361260 0.125966 
0.066308 0.027599 0.037276 0.034050 0.021147 0.724373 0.017921 0.037276 0.034050 
0.038746 0.038746 0.038746 0.192593 0.038746 0.028490 0.064387 0.387464 0.172080 
0.092929 0.067475 0.176566 0.082020 0.089293 0.107475 0.147475 0.052929 0.183838 
0.032084 0.405944 0.059439 0.053360 0.250929 0.059439 0.032084 0.044242 0.062479 
0.055265 0.055265 0.065736 0.097150 0.039558 0.065736 0.050029 0.521233 0.050029 
0.035628 0.138889 0.051932 0.405193 0.073671 0.051932 0.035628 0.117150 0.089976 
0.114916 0.046423 0.046423 0.039574 0.036149 0.614916 0.036149 0.039574 0.025875 
0.058658 0.033277 0.038353 0.139876 0.063734 0.180485 0.028201 0.429216 0.028201 
0.047540 0.037590 0.102266 0.341072 0.042565 0.032615 0.127142 0.226645 0.042565 
0.041063 0.068237 0.144324 0.198671 0.051932 0.030193 0.122585 0.301932 0.041063 
0.171958 0.086924 0.117536 0.080121 0.114135 0.273998 0.052910 0.049509 0.052910 
0.044591 0.317617 0.038012 0.028143 0.278143 0.192617 0.031433 0.024854 0.044591 
